ipv4.R	parse_address	2020-03-17T01:54:19Z	macOS	0.0413475026923077	0.0157723358582666	0.026881778	0.027573136	0.03685564	0.052778543	0.072148954	13	5	0.537517535	5251032
ipv4.R	parse_network	2020-03-17T01:54:19Z	macOS	0.0777896657142857	0.0392129588680057	0.051499249	0.0537151875	0.055031053	0.0853853755000001	0.159796232	7	3	0.54452766	6294296
ipv4.R	print_address	2020-03-17T01:54:19Z	macOS	0.159280655	0.0226156054253151	0.143406574	0.14388208525	0.1510270715	0.16642564125	0.191661903	4	0	0.63712262	2099752
ipv4.R	print_network	2020-03-17T01:54:19Z	macOS	0.244744904	0.0361610139426769	0.210952754	0.2256762865	0.240399819	0.261640979	0.282882139	3	0	0.734234712	2107416
ipv4.R	is_within	2020-03-17T01:54:19Z	macOS	0.00854208911864408	0.00475690263973702	0.00656812300000004	0.00697270900000002	0.00724395800000005	0.00812647750000003	0.034301129	59	2	0.503983258000001	1065000
ipv4.R	is_within_any	2020-03-17T01:54:19Z	macOS	0.00934535451851854	0.00504658962525745	0.00759994100000005	0.00812850850000003	0.0082550575	0.00844238575	0.034924523	54	2	0.504649144000001	1059088
ipv4.R	is_subnet	2020-03-17T01:54:19Z	macOS	0.0135517343783784	0.00992166451558203	0.00778521500000001	0.00838967400000001	0.00933863500000004	0.011725497	0.042490473	37	4	0.501414172000001	3173512
ipv4.R	is_supernet	2020-03-17T01:54:19Z	macOS	0.0128471455641026	0.0145469623276833	0.00780403100000004	0.00886981900000003	0.00943966200000002	0.0099676575	0.095489551	39	3	0.501038677	3159832
ipv4.R	prefix_length	2020-03-17T01:54:19Z	macOS	6.16363019030245e-05	0.000588197724928781	4.00249999999991e-05	4.3618000000023e-05	4.44620000000229e-05	4.59810000000282e-05	0.026904657	8145	5	0.502027679000134	0
ipv4.R	netmask	2020-03-17T01:54:19Z	macOS	0.00981033362745097	0.00775732483118099	0.00500859599999998	0.00707131499999999	0.00724517299999999	0.00755726599999995	0.031342886	51	6	0.500327014999999	5252672
ipv4.R	hostmask	2020-03-17T01:54:19Z	macOS	0.0110828268043478	0.00928151279477443	0.00556857700000002	0.00695512325000001	0.00743218300000001	0.00781999950000004	0.037222608	46	7	0.509810033000001	5252680
ipv4.R	minimum	2020-03-17T01:54:19Z	macOS	0.037305778	0.0161132677073708	0.021501868	0.024369131	0.0256041795	0.0522801245	0.062683422	14	6	0.522280892	14873528
ipv4.R	maximum	2020-03-17T01:54:19Z	macOS	0.0358928682142857	0.0125486243570081	0.023101257	0.0249256005	0.0285628945	0.049014096	0.052801021	14	6	0.502500155	14693920
