ipv4.R	parse_address	2020-03-22T17:40:27Z	macOS	0.0400612133076923	0.0239443900006067	0.025240902	0.026068963	0.029381815	0.050747653	0.109031203	13	4	0.520795773	5250528
ipv4.R	parse_network	2020-03-22T17:40:27Z	macOS	0.0594346224444444	0.01071141873376	0.051009519	0.051672307	0.055755474	0.058695951	0.078431119	9	2	0.534911602	6294296
ipv4.R	print_address	2020-03-22T17:40:27Z	macOS	0.150565076	0.0134784251165535	0.141895149	0.143096241	0.1448824275	0.1523512625	0.1706003	4	0	0.602260304	2099752
ipv4.R	print_network	2020-03-22T17:40:27Z	macOS	0.251026578	0.0347285723364057	0.226469769	0.2387481735	0.251026578	0.2633049825	0.275583387	2	0	0.502053156	2107392
ipv4.R	is_within	2020-03-22T17:40:27Z	macOS	0.00809743383870969	0.00530333635703943	0.00623428600000001	0.00673089275000002	0.00687208250000003	0.00738466800000001	0.041086859	62	2	0.502040898000001	1064976
ipv4.R	is_within_any	2020-03-22T17:40:27Z	macOS	0.00949054373584907	0.00551134531790437	0.00701116500000001	0.007917917	0.00815918800000001	0.00895485700000001	0.038145577	53	2	0.502998818000001	1059064
ipv4.R	is_subnet	2020-03-22T17:40:27Z	macOS	0.016163226625	0.0133176493831592	0.00783259100000003	0.00890261875000002	0.00961585700000002	0.01308429025	0.057823452	32	4	0.517223252	3278800
ipv4.R	is_supernet	2020-03-22T17:40:27Z	macOS	0.0135472496216216	0.0122041654684385	0.00788274900000002	0.00852528600000002	0.009506663	0.010485451	0.066245354	37	3	0.501248236000001	3159816
ipv4.R	prefix_length	2020-03-22T17:40:27Z	macOS	6.61530027796326e-05	0.00087748536299606	3.7772999999991e-05	4.17630000000002e-05	4.35420000000353e-05	4.53485000000281e-05	0.064292098	7555	4	0.499785936000124	0
ipv4.R	netmask	2020-03-22T17:40:27Z	macOS	0.0151641063030303	0.0198597174751889	0.00496881800000004	0.00670260400000006	0.00728047500000006	0.00966805900000001	0.110100028	33	5	0.500415508000001	5252176
ipv4.R	hostmask	2020-03-22T17:40:27Z	macOS	0.0124655267804878	0.0109174446459825	0.00505892400000002	0.00569166000000004	0.00683802999999999	0.00759145500000002	0.034983751	41	10	0.511086598000001	5252192
ipv4.R	minimum	2020-03-22T17:40:27Z	macOS	0.0437566365833333	0.0288325148122071	0.02210464	0.02482820975	0.0371894795	0.05086385525	0.124853891	12	6	0.525079639	14873504
ipv4.R	maximum	2020-03-22T17:40:27Z	macOS	0.0406548157857143	0.0230867459838777	0.021359994	0.02452355925	0.0360590475	0.04930457375	0.108375238	14	7	0.569167421	14693920
