ipv4.R	parse_address	2020-03-04T01:05:46Z	macOS	0.0357716807857143	0.0152945274186253	0.0264583770000001	0.0270696977500001	0.028523035	0.0304501277500001	0.06671311	14	3	0.500803531	5245672
ipv4.R	parse_network	2020-03-04T01:05:46Z	macOS	0.073629519	0.0247382800448568	0.052862623	0.0550824655	0.058277115	0.0886857915	0.116730381	7	3	0.515406633	6294296
ipv4.R	print_address	2020-03-04T01:05:46Z	macOS	0.1546352965	0.0112924554996979	0.146169624	0.14749459725	0.1507319915	0.15787269075	0.170907579	4	0	0.618541186	2109768
ipv4.R	print_network	2020-03-04T01:05:46Z	macOS	0.203720211666667	0.00186773715793312	0.201594191	0.2030318075	0.204469424	0.204783222	0.20509702	3	0	0.611160635	2107360
ipv4.R	is_within	2020-03-04T01:05:46Z	macOS	0.0106966865957447	0.00911247950968465	0.00733509399999999	0.00789215300000001	0.00815779800000005	0.00842290600000006	0.0466081820000001	47	3	0.502744270000001	1076544
ipv4.R	is_within_any	2020-03-04T01:05:46Z	macOS	0.0129849401282052	0.00865892450620872	0.010035678	0.0104770195	0.01076515	0.0116724105	0.050799954	39	2	0.506412665000001	1059960
ipv4.R	is_subnet	2020-03-04T01:05:46Z	macOS	0.0174518065862069	0.0224758959864642	0.00888096800000004	0.00960882600000001	0.010602466	0.011036881	0.121888378	29	3	0.506102391000001	3174144
ipv4.R	is_supernet	2020-03-04T01:05:46Z	macOS	0.0135185843243243	0.0100069462988504	0.00917383900000002	0.01049246	0.010718531	0.0118541999999999	0.0564401999999999	37	2	0.500187620000001	3159056
ipv4.R	prefix_length	2020-03-04T01:05:46Z	macOS	7.19985890233533e-05	0.000856800268413644	4.3446000000058e-05	4.59372500000721e-05	4.68309999999694e-05	4.83250000000435e-05	0.03941706	6942	4	0.499814205000119	0
ipv4.R	netmask	2020-03-04T01:05:46Z	macOS	0.0113370148444445	0.0111946861783155	0.00510575800000002	0.00718044499999992	0.00749983600000004	0.00792117700000006	0.0434659430000001	45	5	0.510165668000001	5255648
ipv4.R	hostmask	2020-03-04T01:05:46Z	macOS	0.0139097954054054	0.0156289249430097	0.00545602600000006	0.00709344099999998	0.00747252900000006	0.00822962400000005	0.0644768649999999	37	6	0.514662430000001	5255656
ipv4.R	minimum	2020-03-04T01:05:46Z	macOS	0.0339996861333334	0.0322420671974894	0.010614353	0.0130572065	0.016411609	0.050742867	0.130458259	15	6	0.509995292	14875928
ipv4.R	maximum	2020-03-04T01:05:46Z	macOS	0.0240469760476191	0.0174404181993781	0.011638654	0.0120740389999999	0.014340638	0.048950847	0.05369664	21	6	0.504986497	14693920
