ipv4.R	parse_address	2020-03-17T01:47:04Z	macOS	0.04307727775	0.0208169459281138	0.025963071	0.02742329075	0.0295713245	0.0645337835	0.076948878	12	4	0.516927333	5251032
ipv4.R	parse_network	2020-03-17T01:47:04Z	macOS	0.0895047015714286	0.0402599994226268	0.056031645	0.0630055545	0.083023686	0.094515476	0.172435519	7	3	0.626532911	6294296
ipv4.R	print_address	2020-03-17T01:47:04Z	macOS	0.172276542333333	0.0108946488834082	0.16082595	0.167157995	0.17349004	0.1780018385	0.182513637	3	0	0.516829627	2099752
ipv4.R	print_network	2020-03-17T01:47:04Z	macOS	0.212161087	0.0146650826152726	0.195926106	0.206017654	0.216109202	0.2202785775	0.224447953	3	0	0.636483261	2107416
ipv4.R	is_within	2020-03-17T01:47:04Z	macOS	0.00857751313559324	0.00516347218416345	0.00644316400000006	0.0069507805	0.00729014500000003	0.00871694950000002	0.03778349	59	2	0.506073275000001	1065000
ipv4.R	is_within_any	2020-03-17T01:47:04Z	macOS	0.00949619633962266	0.00488875615134248	0.00751312400000004	0.00795918500000004	0.008206402	0.00890706800000002	0.035158704	53	2	0.503298406000001	1059088
ipv4.R	is_subnet	2020-03-17T01:47:04Z	macOS	0.012708228375	0.00997306566862012	0.00777180200000005	0.00860403525	0.00934344050000002	0.010632939	0.045539759	40	4	0.508329135000001	3173512
ipv4.R	is_supernet	2020-03-17T01:47:04Z	macOS	0.0137774361621622	0.0161687811256306	0.00783745299999999	0.00921751700000001	0.00939782100000003	0.011645803	0.101862064	37	3	0.509765138	3159832
ipv4.R	prefix_length	2020-03-17T01:47:04Z	macOS	6.41407339579225e-05	0.000685281572724514	4.10160000000048e-05	4.33047500000006e-05	4.42469999999973e-05	5.51025000000288e-05	0.0351838270000001	7792	4	0.499784599000132	0
ipv4.R	netmask	2020-03-17T01:47:04Z	macOS	0.01013024496	0.00791781508276383	0.00500503299999999	0.00696667575000001	0.00758236400000001	0.00873736624999999	0.0381254170000001	50	5	0.506512248000001	5252672
ipv4.R	hostmask	2020-03-17T01:47:04Z	macOS	0.0112087132222222	0.00945077934540429	0.00521125900000002	0.00693049000000007	0.00750082700000004	0.00802601600000002	0.037715672	45	7	0.504392095000001	5252680
ipv4.R	minimum	2020-03-17T01:47:04Z	macOS	0.0375371097857143	0.0136074704708556	0.023040889	0.02575825725	0.029697844	0.05084635975	0.057662792	14	6	0.525519537	14873528
ipv4.R	maximum	2020-03-17T01:47:04Z	macOS	0.039540366	0.0145467381809591	0.023633881	0.027382499	0.028364614	0.052815911	0.059255491	13	6	0.514024758	14693920
