ipv4.R	parse_address	2020-03-11T00:30:49Z	macOS	0.0359103091428572	0.0123520997520877	0.025889636	0.02687616275	0.0275028275	0.050641529	0.054202226	14	5	0.502744328	5251032
ipv4.R	parse_network	2020-03-11T00:30:49Z	macOS	0.0686340895	0.0315851125893162	0.050263724	0.05121188425	0.051997135	0.0733540365	0.141546561	8	3	0.549072716	6294296
ipv4.R	print_address	2020-03-11T00:30:49Z	macOS	0.13733591775	0.00117009815476491	0.135675506	0.13708699025	0.1376240005	0.137872928	0.138420164	4	0	0.549343671	2099752
ipv4.R	print_network	2020-03-11T00:30:49Z	macOS	0.187782748666667	0.000811244153528605	0.186927623	0.187403372	0.187879121	0.1882103115	0.188541502	3	0	0.563348246	2107416
ipv4.R	is_within	2020-03-11T00:30:49Z	macOS	0.00804258344444443	0.00534270311965253	0.00637470099999998	0.00669428249999998	0.00682175799999998	0.00697932199999998	0.032115704	63	3	0.506682756999999	1061832
ipv4.R	is_within_any	2020-03-11T00:30:49Z	macOS	0.0093212717857143	0.00568376864987897	0.00737813900000003	0.00773319350000002	0.00795080400000002	0.00826284250000001	0.035006241	56	3	0.521991220000001	1059992
ipv4.R	is_subnet	2020-03-11T00:30:49Z	macOS	0.0123492532439024	0.00858951597742516	0.007829589	0.00838984399999998	0.00878583599999999	0.010589447	0.035718752	41	5	0.506319383	3171776
ipv4.R	is_supernet	2020-03-11T00:30:49Z	macOS	0.0120462834047619	0.00842516176069969	0.00796691800000002	0.00859345325000003	0.00931250950000002	0.00999404025000002	0.0400098	42	4	0.505943903000001	3159080
ipv4.R	prefix_length	2020-03-11T00:30:49Z	macOS	5.72580968259337e-05	0.000566336235722395	3.83969999999956e-05	4.14330000000074e-05	4.21760000000049e-05	4.30439999999921e-05	0.025418153	8727	5	0.499691410999923	0
ipv4.R	netmask	2020-03-11T00:30:49Z	macOS	0.0119565552857143	0.0103887311271735	0.00519970900000002	0.00608894175000003	0.00711825200000002	0.008191553	0.037740067	42	9	0.502175322000001	5252696
ipv4.R	hostmask	2020-03-11T00:30:49Z	macOS	0.0135051158333333	0.0161324453876156	0.005117925	0.00598179349999998	0.00721781749999999	0.0078878605	0.093360445	42	9	0.567214865	5252696
ipv4.R	minimum	2020-03-11T00:30:49Z	macOS	0.031593926125	0.0113729773620706	0.021350664	0.02417937875	0.024948071	0.04693518225	0.049194161	16	5	0.505502818	14875928
ipv4.R	maximum	2020-03-11T00:30:49Z	macOS	0.0373640602857143	0.0134547180707115	0.022954978	0.02468067625	0.036810834	0.04984864575	0.053128009	14	7	0.523096844	14693920

ipv6.R	parse_address	2020-03-11T00:30:57Z	macOS	0.0576734992222222	0.0114944838822439	0.051438362	0.053364383	0.054293045	0.054972472	0.088149728	9	1	0.519061493	5245672
ipv6.R	parse_network	2020-03-11T00:30:57Z	macOS	0.1080808386	0.0161815318625779	0.096071953	0.099213505	0.102093604	0.106886298	0.136138833	5	1	0.540404193	6294296
ipv6.R	print_address	2020-03-11T00:30:57Z	macOS	0.12944632025	0.00488177633250327	0.126036599	0.12622906925	0.1276266065	0.1308438575	0.136495469	4	0	0.517785281	2099752
ipv6.R	print_network	2020-03-11T00:30:57Z	macOS	0.203418002333333	0.0169789874515218	0.185290667	0.1956521385	0.20601361	0.21248167	0.21894973	3	0	0.610254007	2099752
ipv6.R	is_within	2020-03-11T00:30:57Z	macOS	0.0185676926666667	0.00684772119600812	0.016128055	0.016523306	0.016807539	0.0179720345	0.052337292	27	1	0.501327702	1051176
ipv6.R	is_within_any	2020-03-11T00:30:57Z	macOS	0.0366954022142857	0.00110291047261215	0.035500698	0.03606304525	0.0362559025	0.037249294	0.039687542	14	0	0.513735631	1051176
ipv6.R	is_subnet	2020-03-11T00:30:57Z	macOS	0.0218160666	0.00934862275895925	0.017514313	0.018681673	0.019263513	0.01985648	0.053911257	25	2	0.545401665	3148424
ipv6.R	is_supernet	2020-03-11T00:30:57Z	macOS	0.0206494642	0.00670980539720037	0.017495542	0.018339654	0.01889238	0.019851797	0.051847537	25	1	0.516236605	3148424
ipv6.R	prefix_length	2020-03-11T00:30:57Z	macOS	6.64004293875552e-05	0.000923636914034868	3.93550000000187e-05	4.21940000000232e-05	4.30790000000292e-05	5.08750000000197e-05	0.06832148	7527	4	0.499796032000128	0
ipv6.R	netmask	2020-03-11T00:30:57Z	macOS	0.0153346130606061	0.00817506702856804	0.01084434	0.012647484	0.013135188	0.013940079	0.046698357	33	2	0.506042231000001	5245672
ipv6.R	hostmask	2020-03-11T00:30:57Z	macOS	0.0185318791851852	0.0116257845046126	0.012236774	0.0136978875	0.014368991	0.01576485	0.054154563	27	3	0.500360738	5245672
ipv6.R	minimum	2020-03-11T00:30:57Z	macOS	0.0461786621666667	0.0177635927963957	0.029403944	0.031628149	0.034215791	0.0659900705	0.067635205	12	5	0.554143946	14683296
ipv6.R	maximum	2020-03-11T00:30:57Z	macOS	0.0460305040909091	0.019230825002495	0.030607313	0.032064836	0.033726523	0.066416697	0.075203021	11	4	0.506335545	14683296
