ipv4.R	parse_address	2020-03-05T02:06:27Z	macOS	0.0349186238	0.00900757375107446	0.028005459	0.030226227	0.032044088	0.034173333	0.058444646	15	2	0.523779357	5253968
ipv4.R	parse_network	2020-03-05T02:06:27Z	macOS	0.0801588635714286	0.0194781531608716	0.056962429	0.0632156805	0.083222571	0.0940488235	0.106398037	7	3	0.561112045	6294296
ipv4.R	print_address	2020-03-05T02:06:27Z	macOS	0.170311899	0.0180303750696363	0.154251085	0.1605601435	0.166869202	0.178342306	0.18981541	3	0	0.510935697	2099752
ipv4.R	print_network	2020-03-05T02:06:27Z	macOS	0.220219888333333	0.0206439703721181	0.196752881	0.212540115	0.228327349	0.231953392	0.235579435	3	0	0.660659665	2107360
ipv4.R	is_within	2020-03-05T02:06:27Z	macOS	0.00917702590909093	0.00469986552454556	0.00713464400000002	0.00772234850000003	0.00803441500000002	0.00868027900000001	0.032334053	55	2	0.504736425000001	1061792
ipv4.R	is_within_any	2020-03-05T02:06:27Z	macOS	0.0140270846111111	0.00523169518744314	0.011139664	0.01239921075	0.0130307315	0.01393278675	0.043858468	36	1	0.504975046000001	1059960
ipv4.R	is_subnet	2020-03-05T02:06:27Z	macOS	0.0138953606666667	0.00890888468451016	0.00861218400000002	0.00997436375000001	0.010384747	0.012598161	0.044838128	36	4	0.500232984000001	3171744
ipv4.R	is_supernet	2020-03-05T02:06:27Z	macOS	0.0144962780571429	0.00934514728179885	0.00849338400000002	0.00924342350000001	0.010890329	0.013440217	0.039616935	35	5	0.507369732000001	3159056
ipv4.R	prefix_length	2020-03-05T02:06:27Z	macOS	6.27225081576198e-05	0.000641338506865988	4.02579999999875e-05	4.2998999999988e-05	4.39279999999986e-05	5.07104999999813e-05	0.033379872	7968	4	0.499772944999914	0
ipv4.R	netmask	2020-03-05T02:06:27Z	macOS	0.0122468965581395	0.0104159185762836	0.00536991999999997	0.00697715399999999	0.00762354599999998	0.00890712099999998	0.04068466	43	8	0.526616551999999	5255648
ipv4.R	hostmask	2020-03-05T02:06:27Z	macOS	0.0130512446153846	0.0163047204810458	0.005366126	0.00746640150000003	0.00816329400000002	0.00896701100000002	0.100580852	39	6	0.508998540000001	5255656
ipv4.R	minimum	2020-03-05T02:06:27Z	macOS	0.0391252896153846	0.0166220005482175	0.023973389	0.026812234	0.028686869	0.053634534	0.064004144	13	5	0.508628765	14875928
ipv4.R	maximum	2020-03-05T02:06:27Z	macOS	0.039529552	0.0139820273603743	0.024942168	0.026755202	0.031670253	0.05197251	0.057720153	13	6	0.513884176	14693920

ipv6.R	parse_address	2020-03-05T02:06:36Z	macOS	0.0802379874285714	0.0167458618658953	0.062824	0.067636359	0.078843368	0.0867313745	0.111263077	7	1	0.561665912	5245672
ipv6.R	parse_network	2020-03-05T02:06:36Z	macOS	0.130927527	0.0198208614077324	0.105794655	0.122233428	0.1323019635	0.1409960625	0.153311526	4	1	0.523710108	6294296
ipv6.R	print_address	2020-03-05T02:06:36Z	macOS	0.14936269025	0.0228827721944346	0.126832314	0.13264783425	0.1469853895	0.1637002455	0.176647668	4	0	0.597450761	2099752
ipv6.R	print_network	2020-03-05T02:06:36Z	macOS	0.194650203666667	0.0192408333824895	0.173075061	0.186959976	0.200844891	0.205437775	0.210030659	3	0	0.583950611	2099752
ipv6.R	is_within	2020-03-05T02:06:36Z	macOS	0.0176813640344828	0.00640944657861863	0.014396722	0.014793432	0.016684251	0.017846814	0.049746944	29	1	0.512759557000001	1051176
ipv6.R	is_within_any	2020-03-05T02:06:36Z	macOS	0.0381049253571428	0.00400880934858541	0.034380468	0.0357850785	0.0372376275	0.03809492925	0.048139252	14	0	0.533468955	1051176
ipv6.R	is_subnet	2020-03-05T02:06:36Z	macOS	0.0220919217826087	0.0107737353395873	0.016093262	0.017351479	0.018599675	0.020407113	0.055056923	23	2	0.508114201	3148424
ipv6.R	is_supernet	2020-03-05T02:06:36Z	macOS	0.0217434503478261	0.0110211268057264	0.015728958	0.0176667075	0.018345772	0.020037483	0.056410801	23	2	0.500099358	3148424
ipv6.R	prefix_length	2020-03-05T02:06:36Z	macOS	6.20309470025954e-05	0.00069778292957416	3.97769999999908e-05	4.23049999999925e-05	4.30879999999967e-05	4.47670000000011e-05	0.033528572	8057	4	0.499783339999911	0
ipv6.R	netmask	2020-03-05T02:06:36Z	macOS	0.0170796243	0.012689036931116	0.010454314	0.0114998835	0.0125155545	0.013508478	0.057425929	30	4	0.512388729000001	5245672
ipv6.R	hostmask	2020-03-05T02:06:36Z	macOS	0.0218107924347826	0.0234826028557653	0.013403094	0.015571983	0.015963045	0.0166233345	0.126918692	23	2	0.501648226	5245672
ipv6.R	minimum	2020-03-05T02:06:36Z	macOS	0.0438921623333334	0.0173102433374627	0.029875857	0.0319117015	0.0335683995	0.06408737375	0.073510229	12	4	0.526705948	14683296
ipv6.R	maximum	2020-03-05T02:06:36Z	macOS	0.0465607746363636	0.0178067743791455	0.03048245	0.033720921	0.035680907	0.065841172	0.073461784	11	4	0.512168521	14683296
