ipv4.R	parse_address	2020-03-10T16:32:12Z	macOS	0.036878028	0.0123875657789167	0.02631598	0.027542976	0.0291015765	0.05128631675	0.056173406	14	5	0.516292392	5251032
ipv4.R	parse_network	2020-03-10T16:32:12Z	macOS	0.082719698	0.0415566659647398	0.055692652	0.057418589	0.058075322	0.0901808195	0.170071095	7	3	0.579037886	6294296
ipv4.R	print_address	2020-03-10T16:32:12Z	macOS	0.1500151575	0.0112743254922567	0.140779764	0.141638391	0.1471294715	0.155506238	0.165021923	4	0	0.60006063	2099752
ipv4.R	print_network	2020-03-10T16:32:12Z	macOS	0.193950813333333	0.00392792985639003	0.189415234	0.1928145185	0.196213803	0.196218603	0.196223403	3	0	0.58185244	2107416
ipv4.R	is_within	2020-03-10T16:32:12Z	macOS	0.00870991606896548	0.00590503320575951	0.00632339599999998	0.00677014599999996	0.00718248299999999	0.00778222799999995	0.0365579659999999	58	3	0.505175131999998	1061832
ipv4.R	is_within_any	2020-03-10T16:32:12Z	macOS	0.00932322694444446	0.00460394339345997	0.00730675800000002	0.00785998975000002	0.00815579049999998	0.00881322850000002	0.032694127	54	2	0.503454255000001	1059992
ipv4.R	is_subnet	2020-03-10T16:32:12Z	macOS	0.013337875368421	0.00967763740927285	0.007871395	0.00883773524999998	0.00952047849999996	0.01092130275	0.041388068	38	5	0.506839263999999	3171776
ipv4.R	is_supernet	2020-03-10T16:32:12Z	macOS	0.013172805	0.00888426679738077	0.00830508299999999	0.00912997925	0.00994851799999999	0.0121543395	0.040404799	38	4	0.500566589999999	3159080
ipv4.R	prefix_length	2020-03-10T16:32:12Z	macOS	6.14222366066268e-05	0.000593901075522674	3.99189999999994e-05	4.21030000000155e-05	4.29960000000174e-05	4.90770000000085e-05	0.026269347	8381	5	0.514779765000139	0
ipv4.R	netmask	2020-03-10T16:32:12Z	macOS	0.0119758081395349	0.0100486100892804	0.00520300500000004	0.00628271300000002	0.00724823400000002	0.00868134400000001	0.035310798	43	9	0.514959750000001	5252696
ipv4.R	hostmask	2020-03-10T16:32:12Z	macOS	0.0124044369512195	0.0108566070398485	0.005441009	0.00655949	0.00760596400000002	0.00885757800000003	0.042735922	41	8	0.508581915	5252696
ipv4.R	minimum	2020-03-10T16:32:12Z	macOS	0.04577986275	0.0318988762273453	0.023808412	0.0251774565	0.037014412	0.054009874	0.137089358	12	7	0.549358353	14875928
ipv4.R	maximum	2020-03-10T16:32:12Z	macOS	0.0394290754285714	0.0133020472084905	0.0231866610000001	0.025638422	0.0471266365	0.05076097175	0.054571822	14	8	0.552007056	14693920
