ipv4.R	parse_address	2020-03-15T23:07:26Z	macOS	0.0402140626153846	0.0155200042859384	0.02665042	0.028794567	0.031540416	0.053385821	0.069839643	13	5	0.522782814	5251032
ipv4.R	parse_network	2020-03-15T23:07:26Z	macOS	0.073496453	0.0329521138358217	0.05186518	0.052388088	0.057700717	0.078474641	0.143183816	7	3	0.514475171	6294296
ipv4.R	print_address	2020-03-15T23:07:26Z	macOS	0.13844222075	0.00628894300252904	0.134292165	0.13512384225	0.1358401215	0.1391585	0.147796475	4	0	0.553768883	2099752
ipv4.R	print_network	2020-03-15T23:07:26Z	macOS	0.194333944666667	0.00631117080693982	0.189992922	0.190714053	0.191435184	0.196504456	0.201573728	3	0	0.583001834	2107416
ipv4.R	is_within	2020-03-15T23:07:26Z	macOS	0.00835288598387098	0.00515493423126544	0.00634682600000003	0.006837857	0.00707976300000002	0.00755171975000005	0.030983868	62	3	0.517878931000001	1065000
ipv4.R	is_within_any	2020-03-15T23:07:26Z	macOS	0.00885325840350879	0.00336083043164048	0.00753350000000003	0.007956307	0.00808105799999997	0.00852122	0.03290349	57	1	0.504635729000001	1059088
ipv4.R	is_subnet	2020-03-15T23:07:26Z	macOS	0.0121076013809524	0.00852583723397732	0.00782820200000001	0.00835357025000003	0.00917536299999999	0.00936559575000001	0.040441429	42	5	0.508519258	3173512
ipv4.R	is_supernet	2020-03-15T23:07:26Z	macOS	0.0122154904390244	0.0143416070445495	0.00784894900000005	0.00844321600000003	0.00923274800000001	0.00932734299999999	0.0969211270000001	41	3	0.500835108000001	3159832
ipv4.R	prefix_length	2020-03-15T23:07:26Z	macOS	6.09338155363909e-05	0.000576507167645731	4.13130000000428e-05	4.32190000000388e-05	4.38860000000485e-05	4.49470000000174e-05	0.0242393970000001	8213	5	0.500449427000378	0
ipv4.R	netmask	2020-03-15T23:07:26Z	macOS	0.0100276290588235	0.00784590317083133	0.00523976899999995	0.00712317599999998	0.00734442800000001	0.00786000000000001	0.032346428	51	6	0.511409081999999	5252672
ipv4.R	hostmask	2020-03-15T23:07:26Z	macOS	0.0112206083913043	0.00952047502348329	0.005618132	0.00708562324999999	0.00756211549999999	0.00792501125000002	0.039057794	46	7	0.516147986	5252680
ipv4.R	minimum	2020-03-15T23:07:26Z	macOS	0.0369745214666667	0.01479918520171	0.022275942	0.0240003255	0.025268848	0.050464868	0.06106034	15	7	0.554617822	14873528
ipv4.R	maximum	2020-03-15T23:07:26Z	macOS	0.0388955818571429	0.0139720289273369	0.023529223	0.0253048887500001	0.039225955	0.05172752425	0.055501805	14	7	0.544538146000001	14693920

ipv6.R	parse_address	2020-03-15T23:07:35Z	macOS	0.0601860653333333	0.0106081570005296	0.053524655	0.05576029	0.057688772	0.058563873	0.088042742	9	1	0.541674588	5245672
ipv6.R	parse_network	2020-03-15T23:07:35Z	macOS	0.1176749084	0.017442313258447	0.101311874	0.108648291	0.113302488	0.118313404	0.146798485	5	1	0.588374542	6294296
ipv6.R	print_address	2020-03-15T23:07:35Z	macOS	0.137231686	0.020327738905818	0.123176514	0.1270701915	0.1291693935	0.139330888	0.167411443	4	0	0.548926744	2099752
ipv6.R	print_network	2020-03-15T23:07:35Z	macOS	0.20150884	0.0112459731693658	0.193455564	0.195084442	0.19671332	0.205535478	0.214357636	3	0	0.60452652	2099752
ipv6.R	is_within	2020-03-15T23:07:35Z	macOS	0.0180517952142857	0.00679088625897416	0.015643176	0.016376462	0.0165992815	0.017179363	0.052520535	28	1	0.505450266000001	1051176
ipv6.R	is_within_any	2020-03-15T23:07:35Z	macOS	0.0366658051428572	0.00082100679719091	0.035766939	0.0361872905	0.0363957285	0.0367369045	0.038832843	14	0	0.513321272	1051176
ipv6.R	is_subnet	2020-03-15T23:07:35Z	macOS	0.0221348102916667	0.0101502174812041	0.017593935	0.01871802225	0.0192054025	0.01950012475	0.057607262	24	2	0.531235447	3148424
ipv6.R	is_supernet	2020-03-15T23:07:35Z	macOS	0.0211102604583334	0.0069294169239832	0.0174901470000001	0.0185586592500001	0.0187640005	0.02136333925	0.051784813	24	1	0.506646251000001	3148424
ipv6.R	prefix_length	2020-03-15T23:07:35Z	macOS	7.98588265274008e-05	0.00162059493652917	4.09729999999997e-05	4.28030000000357e-05	4.34510000000277e-05	5.04560000000182e-05	0.117239617	6318	4	0.504548066000118	0
ipv6.R	netmask	2020-03-15T23:07:35Z	macOS	0.0147191631470588	0.00777726830511655	0.010696429	0.012589966	0.012687765	0.01292455275	0.045494528	34	2	0.500451547	5245672
ipv6.R	hostmask	2020-03-15T23:07:35Z	macOS	0.0190454104482758	0.0123319943787063	0.011747098	0.013583943	0.01420141	0.016481325	0.0568518479999999	29	4	0.552316902999999	5245672
ipv6.R	minimum	2020-03-15T23:07:35Z	macOS	0.0421567756666667	0.0159151032518845	0.0292087260000001	0.03070075725	0.0329884350000001	0.06117256575	0.065957673	12	4	0.505881308	14683296
ipv6.R	maximum	2020-03-15T23:07:35Z	macOS	0.0478803992727273	0.0180150014421899	0.029780168	0.0322532255	0.034842079	0.0674057245	0.068614143	11	5	0.526684392	14683296
