ipv4.R	parse_address	2020-03-09T03:37:14Z	macOS	0.0377934638571429	0.0146898917748426	0.025839869	0.02665711275	0.028175806	0.055866601	0.0585961	14	5	0.529108494	5251032
ipv4.R	parse_network	2020-03-09T03:37:14Z	macOS	0.0751548032857143	0.0352338172319502	0.051588994	0.0537236115	0.053793759	0.082379666	0.148494315	7	3	0.526083623	6294296
ipv4.R	print_address	2020-03-09T03:37:14Z	macOS	0.13720527025	0.00814431757672538	0.131869017	0.1331213475	0.1338058685	0.13788979125	0.149340327	4	0	0.548821081	2099752
ipv4.R	print_network	2020-03-09T03:37:14Z	macOS	0.196407236666667	0.0104901474393752	0.186418117	0.1909432115	0.195468306	0.2014017965	0.207335287	3	0	0.58922171	2107408
ipv4.R	is_within	2020-03-09T03:37:14Z	macOS	0.00826174524590165	0.00608086245331342	0.00626961600000003	0.00665059899999998	0.00679317499999998	0.00692455700000005	0.036199608	61	3	0.503966460000001	1061832
ipv4.R	is_within_any	2020-03-09T03:37:14Z	macOS	0.00943521454716982	0.00539987280764677	0.00733076200000005	0.00797924099999997	0.00821428800000001	0.00864900499999999	0.036827233	53	2	0.500066371	1059992
ipv4.R	is_subnet	2020-03-09T03:37:14Z	macOS	0.0136693353783784	0.0102622606092616	0.0082535190000001	0.00862412300000004	0.00922677300000002	0.012175999	0.040763972	37	5	0.505765409000002	3171776
ipv4.R	is_supernet	2020-03-09T03:37:14Z	macOS	0.0120212340952381	0.00849968072283624	0.00804593800000003	0.00845185475000003	0.00926109950000001	0.00957633975000001	0.038334021	42	4	0.504891832000001	3159080
ipv4.R	prefix_length	2020-03-09T03:37:14Z	macOS	6.22398646058161e-05	0.000647268700655323	4.00660000000053e-05	4.3386250000027e-05	4.42449999999983e-05	4.53630000000205e-05	0.02810507	8346	5	0.519453910000141	0
ipv4.R	netmask	2020-03-09T03:37:14Z	macOS	0.0119317468571429	0.0109461003422428	0.00511520100000001	0.00597498	0.00710075700000001	0.00750679650000005	0.036429962	42	8	0.501133368000001	5252688
ipv4.R	hostmask	2020-03-09T03:37:14Z	macOS	0.0119809157142857	0.0111843082591337	0.00506476900000002	0.00598798850000004	0.00709307450000005	0.00762471500000005	0.035471095	42	9	0.503198460000001	5252696
ipv4.R	minimum	2020-03-09T03:37:14Z	macOS	0.0436131636666667	0.0270806638906224	0.021829041	0.02336445175	0.0377233855	0.0534816065	0.11484226	12	6	0.523357964	14875968
ipv4.R	maximum	2020-03-09T03:37:14Z	macOS	0.0390500663846154	0.0146365380865529	0.022615132	0.024079715	0.051199323	0.052064611	0.052828829	13	7	0.507650863	14693920

ipv6.R	parse_address	2020-03-09T03:37:22Z	macOS	0.057887917	0.0135263264999591	0.050932033	0.052019525	0.054402809	0.055826696	0.0935847399999999	9	1	0.520991253	5245672
ipv6.R	parse_network	2020-03-09T03:37:22Z	macOS	0.1055740546	0.0151782421261106	0.0956458509999999	0.098398741	0.098663203	0.102827308	0.13233517	5	1	0.527870273	6294296
ipv6.R	print_address	2020-03-09T03:37:22Z	macOS	0.12760653375	0.00397009597536107	0.123125891	0.12589243475	0.1272696605	0.1289837595	0.132760923	4	0	0.510426135	2099752
ipv6.R	print_network	2020-03-09T03:37:22Z	macOS	0.175054522333333	0.00528000156875793	0.17032135	0.172207181	0.174093012	0.1774211085	0.180749205	3	0	0.525163567	2099752
ipv6.R	is_within	2020-03-09T03:37:22Z	macOS	0.0175008361034483	0.00668244476796763	0.0153507310000001	0.015940565	0.016254206	0.0165503340000001	0.052128923	29	1	0.507524247000001	1051176
ipv6.R	is_within_any	2020-03-09T03:37:22Z	macOS	0.0361607002142857	0.000763507757155008	0.034845273	0.035652522	0.03607143	0.03687865175	0.037120819	14	0	0.506249803	1051176
ipv6.R	is_subnet	2020-03-09T03:37:22Z	macOS	0.0220242763043478	0.0116888536137031	0.016965978	0.017758076	0.018486552	0.0190665355	0.060950281	23	2	0.506558355	3148424
ipv6.R	is_supernet	2020-03-09T03:37:22Z	macOS	0.0224563938695652	0.0108637099602822	0.016633014	0.018018649	0.019129411	0.0207325705	0.057406432	23	2	0.516497059	3148424
ipv6.R	prefix_length	2020-03-09T03:37:22Z	macOS	6.97382112460048e-05	0.000895306382344431	3.98540000000613e-05	4.37285000000343e-05	4.51290000000326e-05	5.37499999999913e-05	0.04685047	7167	4	0.499813760000116	0
ipv6.R	netmask	2020-03-09T03:37:22Z	macOS	0.0145047777714286	0.00878128395285782	0.010367868	0.012126119	0.012294365	0.0125786405	0.049735308	35	2	0.507667222	5245672
ipv6.R	hostmask	2020-03-09T03:37:22Z	macOS	0.018401948	0.0131883648069166	0.011375976	0.01293800175	0.0133462755	0.01374233475	0.052779446	28	4	0.515254544	5245672
ipv6.R	minimum	2020-03-09T03:37:22Z	macOS	0.0427855735	0.0169849122929553	0.027609904	0.0312121245	0.031852196	0.06470550825	0.067538864	12	4	0.513426882	14683296
ipv6.R	maximum	2020-03-09T03:37:22Z	macOS	0.0528240954	0.0357643434819152	0.029567603	0.03086893725	0.031252393	0.06746136875	0.14180011	10	4	0.528240954	14683296
