ipv4.R	parse_address	2020-03-14T00:00:22Z	macOS	0.0360293562857143	0.0125392204846987	0.02593316	0.02661636075	0.0278681035	0.0508003745	0.055760449	14	5	0.504410988	5251032
ipv4.R	parse_network	2020-03-14T00:00:22Z	macOS	0.0846362888333334	0.0358870737678978	0.0549816300000001	0.06103016725	0.074635238	0.09047437575	0.151316395	6	3	0.507817733	6294296
ipv4.R	print_address	2020-03-14T00:00:22Z	macOS	0.15595281225	0.0115057030410284	0.143607737	0.14743067075	0.157043171	0.1655653125	0.16611717	4	0	0.623811249	2099752
ipv4.R	print_network	2020-03-14T00:00:22Z	macOS	0.198234944	0.00431841117553019	0.193248612	0.196972198	0.200695784	0.20072811	0.200760436	3	0	0.594704832	2107416
ipv4.R	is_within	2020-03-14T00:00:22Z	macOS	0.00848852975806453	0.00618050048733774	0.006409679	0.00678428175	0.00702503150000003	0.00733381775000004	0.04062758	62	3	0.526288845000001	1065000
ipv4.R	is_within_any	2020-03-14T00:00:22Z	macOS	0.008878066877193	0.00359903459176263	0.00761664900000003	0.00803524800000005	0.00826898300000001	0.00873453600000001	0.035312379	57	1	0.506049812000001	1059088
ipv4.R	is_subnet	2020-03-14T00:00:22Z	macOS	0.0136084228648649	0.00993966636653548	0.00800722600000003	0.00872090900000005	0.00968698099999998	0.011045019	0.04096082	37	5	0.503511646000001	3173512
ipv4.R	is_supernet	2020-03-14T00:00:22Z	macOS	0.0132162749210526	0.0165254490012483	0.00836552000000002	0.00930136825000001	0.0101281245	0.0106297305	0.109352003	38	2	0.502218447	3159832
ipv4.R	prefix_length	2020-03-14T00:00:22Z	macOS	6.25645890085294e-05	0.0006032663861196	3.98610000000299e-05	4.25740000000174e-05	4.35555000000143e-05	5.76320000000574e-05	0.02827508	7988	4	0.499765937000133	0
ipv4.R	netmask	2020-03-14T00:00:22Z	macOS	0.0102475969183674	0.00832946565486844	0.005268414	0.00734126200000002	0.00769116999999997	0.00810476800000004	0.036260302	49	5	0.502132249000001	5252696
ipv4.R	hostmask	2020-03-14T00:00:22Z	macOS	0.0122268524634147	0.0105535934596299	0.00545575199999998	0.00714627900000003	0.007697167	0.008954976	0.037452899	41	7	0.501300951000001	5252696
ipv4.R	minimum	2020-03-14T00:00:22Z	macOS	0.0365629385	0.0136515147612404	0.023110646	0.02493703925	0.0269389835	0.05148194025	0.054926862	14	6	0.511881139	14873528
ipv4.R	maximum	2020-03-14T00:00:22Z	macOS	0.0358538252857143	0.0135545460833517	0.023104748	0.02408659375	0.0264778915	0.04998742375	0.053590527	14	6	0.501953554	14693920

ipv6.R	parse_address	2020-03-14T00:00:30Z	macOS	0.0565719661111111	0.0117799939972455	0.049969762	0.0509693880000001	0.052599344	0.056105614	0.087325435	9	1	0.509147695	5245672
ipv6.R	parse_network	2020-03-14T00:00:30Z	macOS	0.105710794	0.0130968892456432	0.095888653	0.100796888	0.100915321	0.102214646	0.128738462	5	1	0.52855397	6294296
ipv6.R	print_address	2020-03-14T00:00:30Z	macOS	0.1280409345	0.00230442668153485	0.125075865	0.1267891515	0.1285503835	0.1298021665	0.129987106	4	0	0.512163738	2099752
ipv6.R	print_network	2020-03-14T00:00:30Z	macOS	0.175046876666667	0.00102226333337368	0.174322057	0.174462249	0.174602441	0.1754092865	0.176216132	3	0	0.52514063	2099752
ipv6.R	is_within	2020-03-14T00:00:30Z	macOS	0.0181874812142857	0.00842256866671883	0.0155411539999999	0.016051974	0.016360325	0.01715575225	0.0609065719999999	28	1	0.509249474	1051176
ipv6.R	is_within_any	2020-03-14T00:00:30Z	macOS	0.0362025536428571	0.000736869797857908	0.035253714	0.03560164375	0.0359753295	0.0368751529999999	0.037410659	14	0	0.506835751	1051176
ipv6.R	is_subnet	2020-03-14T00:00:30Z	macOS	0.0215792465833333	0.00944187651885355	0.016869504	0.01836069325	0.0188732285	0.01969680725	0.052349043	24	2	0.517901918	3148424
ipv6.R	is_supernet	2020-03-14T00:00:30Z	macOS	0.0195897896538462	0.0065402757581845	0.016771305	0.01758483525	0.018454653	0.01866717175	0.051320589	26	1	0.509334531	3148424
ipv6.R	prefix_length	2020-03-14T00:00:30Z	macOS	6.45036750158296e-05	0.000782210496717145	3.85910000000322e-05	4.12330000000294e-05	4.21020000000438e-05	4.34870000000087e-05	0.034202936	7905	5	0.509901551000133	0
ipv6.R	netmask	2020-03-14T00:00:30Z	macOS	0.0190859879666667	0.022681958844553	0.0104694339999999	0.0118255025	0.0123384015	0.01275008925	0.128021597	30	4	0.572579639	5245672
ipv6.R	hostmask	2020-03-14T00:00:30Z	macOS	0.0164437583939394	0.00980599711289116	0.012034126	0.0132159130000001	0.0135136000000001	0.0139101560000001	0.0475049450000001	33	3	0.542644027000002	5245672
ipv6.R	minimum	2020-03-14T00:00:30Z	macOS	0.0408441667692308	0.0142102214723513	0.028129092	0.03184198	0.0328875510000001	0.058853946	0.0634293100000001	13	4	0.530974168000001	14683296
ipv6.R	maximum	2020-03-14T00:00:30Z	macOS	0.0457555139090909	0.016617123113678	0.030131637	0.0315140685	0.031953467	0.061975728	0.066367901	11	5	0.503310653	14683296
