ipv4.R	parse_address	2020-03-12T00:38:55Z	macOS	0.094039063	0.0663649827214037	0.043930354	0.0458296275	0.058628923	0.150970766	0.179731602	6	2	0.564234378	5251032
ipv4.R	parse_network	2020-03-12T00:38:55Z	macOS	0.325785716333333	0.32181434240647	0.074171945	0.144473708	0.214775471	0.451592602	0.688409733	3	2	0.977357149	6294296
ipv4.R	print_address	2020-03-12T00:38:55Z	macOS	0.207698947333333	0.0189408578396548	0.193971233	0.19689446	0.199817687	0.2145628045	0.229307922	3	0	0.623096842	2099752
ipv4.R	print_network	2020-03-12T00:38:55Z	macOS	0.2957968225	0.0537971668666041	0.257756481	0.27677665175	0.2957968225	0.31481699325	0.333837164	2	0	0.591593645	2107416
ipv4.R	is_within	2020-03-12T00:38:55Z	macOS	0.0379073251428572	0.00714391138225781	0.0326665680000001	0.034072535	0.035291356	0.03874863825	0.0600339670000001	14	0	0.530702552000001	1065000
ipv4.R	is_within_any	2020-03-12T00:38:55Z	macOS	0.0179088321785714	0.0223495977515709	0.010440723	0.011931821	0.013275908	0.015413471	0.131267002	28	1	0.501447301	1059088
ipv4.R	is_subnet	2020-03-12T00:38:55Z	macOS	0.0513757865	0.0392561149658063	0.030157234	0.03646244375	0.037285667	0.0399690165	0.159753353	10	1	0.513757865	3172536
ipv4.R	is_supernet	2020-03-12T00:38:55Z	macOS	0.0612969358	0.0505702843201585	0.028581287	0.03682210975	0.0380187605	0.0428870155	0.163821185	10	2	0.612969358	3159832
ipv4.R	prefix_length	2020-03-12T00:38:55Z	macOS	0.000116585696828375	0.00257326339591217	4.89710000000088e-05	5.50525000000274e-05	5.73485000000262e-05	6.0818250000011e-05	0.126626436	4288	2	0.499919468000072	0
ipv4.R	netmask	2020-03-12T00:38:55Z	macOS	0.0466257779090909	0.054320550328175	0.018694657	0.021878523	0.022555233	0.0251093365	0.161540982	11	2	0.512883557	5252696
ipv4.R	hostmask	2020-03-12T00:38:55Z	macOS	0.068541157375	0.0685665993070335	0.022982291	0.0302773645	0.035114477	0.0737619255	0.183011758	8	2	0.548329259	5252696
ipv4.R	minimum	2020-03-12T00:38:55Z	macOS	0.2215019438	0.255980434358212	0.038933052	0.054768013	0.162800282	0.18645125	0.664557122	5	3	1.107509719	14873528
ipv4.R	maximum	2020-03-12T00:38:55Z	macOS	0.12692293825	0.0990251773990662	0.052217988	0.0575639865	0.094888497	0.16424744875	0.265696771	4	1	0.507691753	14693920

ipv6.R	parse_address	2020-03-12T00:39:13Z	macOS	0.60425222	NA	0.60425222	0.60425222	0.60425222	0.60425222	0.60425222	1	1	0.60425222	5245672
ipv6.R	parse_network	2020-03-12T00:39:13Z	macOS	0.2942033475	0.0431693307321668	0.263678021	0.27894068425	0.2942033475	0.30946601075	0.324728674	2	0	0.588406695	6294296
ipv6.R	print_address	2020-03-12T00:39:13Z	macOS	0.3689357985	0.0429597357969418	0.338558678	0.35374723825	0.3689357985	0.38412435875	0.399312919	2	0	0.737871597	2099752
ipv6.R	print_network	2020-03-12T00:39:13Z	macOS	0.80746646	NA	0.80746646	0.80746646	0.80746646	0.80746646	0.80746646	1	0	0.80746646	2099752
ipv6.R	is_within	2020-03-12T00:39:13Z	macOS	0.1416626995	0.00786446344134482	0.13557327	0.13614936525	0.1392315285	0.14474486275	0.152614471	4	0	0.566650798	1051176
ipv6.R	is_within_any	2020-03-12T00:39:13Z	macOS	0.0898945455	0.00677381446931875	0.084009035	0.08477323475	0.0870048655	0.0956352465	0.0988071090000001	6	0	0.539367273	1051176
ipv6.R	is_subnet	2020-03-12T00:39:13Z	macOS	0.143952982	0.0124533038617182	0.134635912	0.13743530875	0.139452073	0.14596974625	0.16227187	4	0	0.575811928	3148424
ipv6.R	is_supernet	2020-03-12T00:39:13Z	macOS	0.291986187333333	0.259179181630209	0.141158271	0.1423506005	0.14354293	0.3674001455	0.591257361	3	1	0.875958562	3148424
ipv6.R	prefix_length	2020-03-12T00:39:13Z	macOS	0.000440041281134418	0.0117339903862327	6.83820000000335e-05	9.43262500000125e-05	0.000114278500000009	0.000171158500000004	0.472697889	1622	1	0.713746958000026	0
ipv6.R	netmask	2020-03-12T00:39:13Z	macOS	0.0915494615	0.00746496847452149	0.082325838	0.08556931175	0.0920146745	0.09684102425	0.101070917	6	0	0.549296769	5245672
ipv6.R	hostmask	2020-03-12T00:39:13Z	macOS	0.201153015	0.224526429297748	0.086603624	0.0875118545	0.090042807	0.2036839675	0.537922822	4	1	0.80461206	5245672
ipv6.R	minimum	2020-03-12T00:39:13Z	macOS	0.179845993	0.00657291420924052	0.172383649	0.177380768	0.182377887	0.183577165	0.184776443	3	0	0.539537979	14683296
ipv6.R	maximum	2020-03-12T00:39:13Z	macOS	0.608026268	NA	0.608026268	0.608026268	0.608026268	0.608026268	0.608026268	1	1	0.608026268	14683296
