ipv4.R	parse_address	2020-03-05T16:41:04Z	macOS	0.0301984471666667	0.00882396964101939	0.024962964	0.02582202725	0.02677664	0.02737425275	0.049978538	18	3	0.543572049	5254000
ipv4.R	parse_network	2020-03-05T16:41:04Z	macOS	0.0561609848888889	0.0108467069822327	0.04947907	0.050215696	0.050793637	0.053589281	0.076410889	9	2	0.505448864	6294296
ipv4.R	print_address	2020-03-05T16:41:04Z	macOS	0.139842193	0.0129616887538085	0.131246231	0.13256770175	0.1345339865	0.14180847775	0.159054568	4	1	0.559368772	2099752
ipv4.R	print_network	2020-03-05T16:41:04Z	macOS	0.186916719333333	0.00209880212848505	0.184855766	0.185849366	0.186842966	0.187947196	0.189051426	3	0	0.560750158	2107416
ipv4.R	is_within	2020-03-05T16:41:04Z	macOS	0.00853448230508476	0.00462098649661751	0.00684521400000004	0.00721673600000002	0.00758946700000002	0.00804343850000001	0.033296165	59	2	0.503534456000001	1061832
ipv4.R	is_within_any	2020-03-05T16:41:04Z	macOS	0.0111244041333333	0.00387427229598035	0.010019733	0.010301588	0.010501099	0.010824697	0.036459045	45	1	0.500598186000001	1059992
ipv4.R	is_subnet	2020-03-05T16:41:04Z	macOS	0.0135755081351352	0.00892212574374306	0.00831245200000003	0.00923307900000001	0.010116464	0.012919009	0.03669438	37	5	0.502293801000001	3171776
ipv4.R	is_supernet	2020-03-05T16:41:04Z	macOS	0.0120584547142857	0.00784188919529904	0.00840806100000002	0.00887347775000002	0.00961231450000001	0.01005185725	0.037879017	42	4	0.506455098000001	3159080
ipv4.R	prefix_length	2020-03-05T16:41:04Z	macOS	5.64367396115759e-05	0.000552911893726093	3.81329999999958e-05	4.11460000000127e-05	4.20430000000194e-05	4.3053250000015e-05	0.024932585	8856	5	0.499803766000116	0
ipv4.R	netmask	2020-03-05T16:41:04Z	macOS	0.0110753229574468	0.0091603145606793	0.00485330700000003	0.00625249850000002	0.007054264	0.00771599250000002	0.031417652	47	9	0.520540179000001	5255696
ipv4.R	hostmask	2020-03-05T16:41:04Z	macOS	0.010812411319149	0.0145622381874662	0.00493597800000001	0.00641115800000001	0.00682819800000001	0.00706059750000002	0.098955369	47	7	0.508183332000001	5255696
ipv4.R	minimum	2020-03-05T16:41:04Z	macOS	0.0312099108235294	0.0116191375249298	0.020876205	0.022607809	0.023848864	0.045942505	0.047823203	17	6	0.530568484	14875968
ipv4.R	maximum	2020-03-05T16:41:04Z	macOS	0.0342055262666667	0.0127705559875728	0.021094945	0.022470357	0.024408288	0.0475598785	0.048280751	15	7	0.513082894	14693920

ipv6.R	parse_address	2020-03-05T16:41:13Z	macOS	0.0543943438	0.0106404125669894	0.048784981	0.0505685745	0.0511024525	0.05130512875	0.084196905	10	1	0.543943438	5245672
ipv6.R	parse_network	2020-03-05T16:41:13Z	macOS	0.1002756464	0.0157602482676415	0.091945902	0.093406178	0.093703977	0.093886902	0.128435273	5	1	0.501378232	6294296
ipv6.R	print_address	2020-03-05T16:41:13Z	macOS	0.1226550572	0.00312966585285893	0.119439032	0.1198196	0.122279388	0.12584283	0.125894436	5	0	0.613275286	2099752
ipv6.R	print_network	2020-03-05T16:41:13Z	macOS	0.16970152325	0.0150419809095819	0.161032572	0.16147789575	0.16279446	0.1710180875	0.192184601	4	1	0.678806093	2099752
ipv6.R	is_within	2020-03-05T16:41:13Z	macOS	0.0142136806388889	0.000487052861603698	0.013739544	0.014011426	0.0141082985	0.01425557425	0.016698738	36	0	0.511692503000001	1051176
ipv6.R	is_within_any	2020-03-05T16:41:13Z	macOS	0.0354754872666667	0.00881097804694959	0.03197826	0.03249055	0.032886503	0.034002371	0.067010994	15	1	0.532132309	1051176
ipv6.R	is_subnet	2020-03-05T16:41:13Z	macOS	0.0189916788148148	0.00879955487163248	0.014996056	0.016105923	0.016668086	0.0168606255	0.049576644	27	2	0.512775328	3148424
ipv6.R	is_supernet	2020-03-05T16:41:13Z	macOS	0.0188840504074074	0.00881044944643103	0.015142032	0.015771364	0.016648426	0.0169937955	0.04978539	27	2	0.509869361	3148424
ipv6.R	prefix_length	2020-03-05T16:41:13Z	macOS	6.63887974229435e-05	0.00134610439947139	3.7322999999978e-05	4.04787500000031e-05	4.16500000000042e-05	4.31334999999727e-05	0.111221571	7528	4	0.499774866999918	0
ipv6.R	netmask	2020-03-05T16:41:13Z	macOS	0.0144115367777778	0.00917669727275097	0.009528809	0.0115778325	0.011766677	0.01201926175	0.044403093	36	3	0.518815324000001	5245672
ipv6.R	hostmask	2020-03-05T16:41:13Z	macOS	0.0180350352142857	0.00983931833204308	0.012964342	0.01455224025	0.0147722885	0.01528503475	0.046384571	28	3	0.504980986	5245672
ipv6.R	minimum	2020-03-05T16:41:13Z	macOS	0.0423114796923077	0.0158785615505496	0.028362231	0.03035725	0.031170866	0.058664257	0.064847371	13	5	0.550049236	14683296
ipv6.R	maximum	2020-03-05T16:41:13Z	macOS	0.0429804391538462	0.0156464839471331	0.029820286	0.030897022	0.032001942	0.059419651	0.065232456	13	5	0.558745709	14683296
