ipv4.R	parse_address	2020-03-05T16:08:08Z	macOS	0.0350772035333333	0.00993820965121371	0.026205122	0.0285494825	0.032530588	0.03599471	0.057926714	15	2	0.526158053	5254000
ipv4.R	parse_network	2020-03-05T16:08:08Z	macOS	0.0729307837142857	0.0247252776837228	0.052244709	0.0533712515	0.061013247	0.08808396	0.114347107	7	3	0.510515486	6294296
ipv4.R	print_address	2020-03-05T16:08:08Z	macOS	0.184012574	0.0260289920369706	0.153991525	0.175882634	0.197773743	0.1990230985	0.200272454	3	0	0.552037722	2099752
ipv4.R	print_network	2020-03-05T16:08:08Z	macOS	0.241339311666667	0.0385974730831972	0.203126907	0.2218536375	0.240580368	0.260445514	0.28031066	3	0	0.724017935	2107416
ipv4.R	is_within	2020-03-05T16:08:08Z	macOS	0.00888966582456142	0.0050520715911713	0.00709406800000001	0.00746806200000003	0.007728822	0.00808864200000003	0.036658413	57	2	0.506710952000001	1061832
ipv4.R	is_within_any	2020-03-05T16:08:08Z	macOS	0.0114683606590909	0.00401372187219214	0.00974493300000001	0.01028195325	0.0108830145	0.0113366185	0.036980171	44	1	0.504607869000001	1059992
ipv4.R	is_subnet	2020-03-05T16:08:08Z	macOS	0.0130294478974359	0.00844198109699224	0.00847670400000003	0.00913245500000001	0.00996757600000003	0.0104128855	0.035023582	39	5	0.508148468000001	3171776
ipv4.R	is_supernet	2020-03-05T16:08:08Z	macOS	0.01271760605	0.00857505317764501	0.008542573	0.00902305925000001	0.0100280175	0.0106831435	0.042276267	40	4	0.508704242000001	3159080
ipv4.R	prefix_length	2020-03-05T16:08:08Z	macOS	6.06780366682749e-05	0.00056261956628626	4.1658e-05	4.41977499999746e-05	4.49504999999878e-05	5.12369999999887e-05	0.029576713	8236	4	0.499744309999912	0
ipv4.R	netmask	2020-03-05T16:08:08Z	macOS	0.0125266662	0.0116675203611017	0.00515236399999999	0.00663512624999998	0.00765610449999998	0.00872101724999999	0.044280327	40	7	0.501066648	5255696
ipv4.R	hostmask	2020-03-05T16:08:08Z	macOS	0.0120770493333334	0.0156963609206759	0.00539492100000002	0.00689973700000002	0.00740711350000002	0.0084701955	0.100333354	42	6	0.507236072000001	5255696
ipv4.R	minimum	2020-03-05T16:08:08Z	macOS	0.0403755886923077	0.0152073717712086	0.022613607	0.027156381	0.031707053	0.053831717	0.061841816	13	6	0.524882653	14875968
ipv4.R	maximum	2020-03-05T16:08:08Z	macOS	0.04280201725	0.0173594108996489	0.025767469	0.028733731	0.030991142	0.0590100085	0.067970986	12	5	0.513624207	14693920

ipv6.R	parse_address	2020-03-05T16:08:17Z	macOS	0.0601791388888889	0.0130217955093618	0.051820635	0.053516704	0.054345862	0.060655005	0.092530038	9	1	0.54161225	5245672
ipv6.R	parse_network	2020-03-05T16:08:17Z	macOS	0.1089128296	0.018978690604706	0.095713763	0.096737158	0.098221653	0.113648718	0.140242856	5	1	0.544564148	6294296
ipv6.R	print_address	2020-03-05T16:08:17Z	macOS	0.13918455625	0.00623468677305959	0.131730375	0.13538799525	0.139688699	0.14348526	0.145630452	4	0	0.556738225	2099752
ipv6.R	print_network	2020-03-05T16:08:17Z	macOS	0.189410783	0.0177849817330254	0.171204991	0.180744805	0.190284619	0.198513679	0.206742739	3	0	0.568232349	2099752
ipv6.R	is_within	2020-03-05T16:08:17Z	macOS	0.0167987774	0.00618892382145954	0.014322999	0.0148970235	0.0149814175	0.01531311575	0.048047543	30	1	0.503963322	1051176
ipv6.R	is_within_any	2020-03-05T16:08:17Z	macOS	0.0362353067857143	0.00271646315410318	0.035005492	0.0351711695	0.0352339615	0.03603071075	0.045415884	14	0	0.507294295	1051176
ipv6.R	is_subnet	2020-03-05T16:08:17Z	macOS	0.020840097	0.0110528471360503	0.015794008	0.0171842205	0.017516367	0.0179893985	0.060566759	24	2	0.500162328	3148424
ipv6.R	is_supernet	2020-03-05T16:08:17Z	macOS	0.0230819426818182	0.0127954427450737	0.015601966	0.0173275135	0.0183965275	0.0238799425	0.070341658	22	2	0.507802739	3148424
ipv6.R	prefix_length	2020-03-05T16:08:17Z	macOS	6.82319201365079e-05	0.000802324424761202	4.14309999999807e-05	4.362799999999e-05	4.43309999999808e-05	5.78399999999757e-05	0.038946897	7325	4	0.499798814999921	0
ipv6.R	netmask	2020-03-05T16:08:17Z	macOS	0.0177342250666667	0.0128326254515755	0.01033829	0.01181600225	0.012384675	0.013080687	0.051977826	30	5	0.532026752	5245672
ipv6.R	hostmask	2020-03-05T16:08:17Z	macOS	0.021648077375	0.0222632615084779	0.013492079	0.0153840235	0.015474093	0.0189370705	0.122752708	24	2	0.519553857	5245672
ipv6.R	minimum	2020-03-05T16:08:17Z	macOS	0.0423396540833334	0.0163565291047275	0.029505928	0.03225756025	0.033840211	0.0461890395	0.074870379	12	3	0.508075849	14683296
ipv6.R	maximum	2020-03-05T16:08:17Z	macOS	0.0554357557	0.0244405626234461	0.030333089	0.03258896625	0.0505352415	0.07998478525	0.085483042	10	5	0.554357557	14683296
