ipv4.R	parse_address	2020-03-01T17:39:53Z	macOS	0.0352531402	0.0127069305669563	0.0262514989999999	0.0274848145	0.0284046859999999	0.042295848	0.0571785889999999	15	4	0.528797103	5245672
ipv4.R	parse_network	2020-03-01T17:39:53Z	macOS	0.0626322126250001	0.0124954114904359	0.053292462	0.0555461705000001	0.0567743870000001	0.06396455625	0.0827829480000001	8	2	0.501057701	6294296
ipv4.R	print_address	2020-03-01T17:39:53Z	macOS	0.155607995	0.0300658393793148	0.137541678	0.1396471305	0.1421794205	0.158140285	0.200531461	4	1	0.62243198	2109768
ipv4.R	print_network	2020-03-01T17:39:53Z	macOS	0.221820766	0.0563719213031944	0.187174795	0.1892975045	0.191420214	0.2391437515	0.286867289	3	1	0.665462298	2107360
ipv4.R	is_within	2020-03-01T17:39:53Z	macOS	0.00724992778571419	0.00354917017065224	0.00618236599999988	0.0065506167499999	0.00669107799999996	0.0068478314999999	0.0362068809999999	70	1	0.507494944999994	1076544
ipv4.R	is_within_any	2020-03-01T17:39:53Z	macOS	0.00842216435000001	0.0038991680824198	0.00686958500000001	0.00735146475000006	0.00770821150000001	0.0080047375	0.037248775	60	1	0.505329861000001	1059960
ipv4.R	is_subnet	2020-03-01T17:39:53Z	macOS	0.00733824060869567	0.00348212483965682	0.00637345	0.00676240200000011	0.006800213	0.00699212400000004	0.035660087	69	1	0.506338602000001	1070464
ipv4.R	is_supernet	2020-03-01T17:39:53Z	macOS	0.00820550849180327	0.00536598362603662	0.00653094700000001	0.006852894	0.00709753300000004	0.007450807	0.0375514810000001	61	2	0.500536017999999	1059720
ipv4.R	prefix_length	2020-03-01T17:39:53Z	macOS	5.97298235716178e-05	0.000637259261459611	3.96440000000053e-05	4.24120000000194e-05	4.31590000000703e-05	4.44480000000302e-05	0.030898898	8366	4	0.499699704000155	4344
ipv4.R	netmask	2020-03-01T17:39:53Z	macOS	0.0110361251041667	0.00987544635958331	0.00534311799999998	0.00687185025000001	0.00734167600000002	0.00749646650000002	0.036930489	48	7	0.529734005	5256112
ipv4.R	hostmask	2020-03-01T17:39:53Z	macOS	0.0107764514468085	0.0103293772354006	0.00491659699999991	0.00613796	0.00699886799999994	0.00716646450000002	0.0389088439999999	47	7	0.506493217999999	5256128
ipv4.R	minimum	2020-03-01T17:39:53Z	macOS	0.027854091	0.0169826870122267	0.00969989100000002	0.01144115975	0.026666353	0.04193076025	0.050818362	18	9	0.501373638000001	14896568
ipv4.R	maximum	2020-03-01T17:39:53Z	macOS	0.0267775405789474	0.0241197855699934	0.011381375	0.0119680715000001	0.0134369	0.04180041	0.101953656	19	6	0.508773271	14693920
