ipv4.R	parse_address	2020-03-11T05:49:44Z	macOS	0.0342189957333333	0.0119482084590948	0.0254904060000001	0.0259333385	0.026133327	0.0491591875	0.0543655930000001	15	5	0.513284936	5251032
ipv4.R	parse_network	2020-03-11T05:49:44Z	macOS	0.064650903	0.0299798600134191	0.0501019619999999	0.0506552625	0.052657847	0.0574835642499999	0.137024761	8	2	0.517207224	6294296
ipv4.R	print_address	2020-03-11T05:49:44Z	macOS	0.12900223475	0.000653314501672479	0.128066692	0.12887925475	0.1291774715	0.1293004515	0.129587304	4	0	0.516008939	2099752
ipv4.R	print_network	2020-03-11T05:49:44Z	macOS	0.191960633333333	0.00109465739681705	0.190724459	0.1915373755	0.192350292	0.1925787205	0.192807149	3	0	0.5758819	2107416
ipv4.R	is_within	2020-03-11T05:49:44Z	macOS	0.00775081335384617	0.00506416659751344	0.00617753399999998	0.00638537500000003	0.00652553899999997	0.00673525499999994	0.0309529430000001	65	3	0.503802868000001	1061832
ipv4.R	is_within_any	2020-03-11T05:49:44Z	macOS	0.00900125735714275	0.00523972826691684	0.00727022599999994	0.00754992899999993	0.00774588149999988	0.00806525749999992	0.0316316319999999	56	3	0.504070411999994	1059992
ipv4.R	is_subnet	2020-03-11T05:49:44Z	macOS	0.0114967979772727	0.00775499630730077	0.00755218800000002	0.00810834524999995	0.00849040949999996	0.00920203250000004	0.034026648	44	5	0.505859111	3171776
ipv4.R	is_supernet	2020-03-11T05:49:44Z	macOS	0.0117956867209302	0.00790234993944489	0.007720218	0.008200759	0.00892072099999996	0.00922923049999996	0.033630998	43	5	0.507214529	3159080
ipv4.R	prefix_length	2020-03-11T05:49:44Z	macOS	5.59941360224249e-05	0.000524849734498901	3.78420000000101e-05	4.14020000000237e-05	4.22129999999576e-05	4.32020000000755e-05	0.022534695	8925	5	0.499747664000142	0
ipv4.R	netmask	2020-03-11T05:49:44Z	macOS	0.0115885540681818	0.00987852347510398	0.00501784699999996	0.00632768850000004	0.00700007749999998	0.00904770375000002	0.036962531	44	9	0.509896379	5252696
ipv4.R	hostmask	2020-03-11T05:49:44Z	macOS	0.012519940275	0.0150683456685885	0.00495903999999991	0.00569414100000001	0.00697058499999997	0.00764750150000001	0.086821512	40	8	0.500797611	5252696
ipv4.R	minimum	2020-03-11T05:49:44Z	macOS	0.0335405608666668	0.0110659673499743	0.0228366340000001	0.0245718085000001	0.0259161960000002	0.0452788145000002	0.0487682850000001	15	6	0.503108413000002	14875928
ipv4.R	maximum	2020-03-11T05:49:44Z	macOS	0.0344893346	0.0127731049160077	0.021624568	0.022892351	0.024435769	0.0476089025	0.0491926500000001	15	7	0.517340019	14693920

ipv6.R	parse_address	2020-03-11T05:49:53Z	macOS	0.0542608611999999	0.0101642877261015	0.0486875429999999	0.0504861637499999	0.0514943349999999	0.0519753577499999	0.082938145	10	1	0.542608611999999	5245672
ipv6.R	parse_network	2020-03-11T05:49:53Z	macOS	0.1028077096	0.0139500380356424	0.0941326360000001	0.0958527130000001	0.0966362630000001	0.099941741	0.127475195	5	1	0.514038548	6294296
ipv6.R	print_address	2020-03-11T05:49:53Z	macOS	0.119550813	0.000835579111437146	0.118270775	0.119177039	0.119847461	0.120176393	0.120282397	5	0	0.597754065	2099752
ipv6.R	print_network	2020-03-11T05:49:53Z	macOS	0.173994916	0.000923219514383734	0.172934398	0.1736828545	0.174431311	0.174525175	0.174619039	3	0	0.521984748	2099752
ipv6.R	is_within	2020-03-11T05:49:53Z	macOS	0.0173220643793104	0.00638185556051971	0.0155286440000001	0.0158084430000001	0.0159861790000001	0.0163450320000001	0.0503857770000001	29	1	0.502339867000003	1051176
ipv6.R	is_within_any	2020-03-11T05:49:53Z	macOS	0.0361946670714285	0.00125136400346886	0.0353711689999999	0.0354696384999999	0.0358986154999999	0.0362835129999999	0.0402278479999999	14	0	0.506725338999999	1051176
ipv6.R	is_subnet	2020-03-11T05:49:53Z	macOS	0.0223486580434783	0.0128730420726322	0.017352209	0.0183058365	0.01850159	0.0187528985	0.072674935	23	2	0.514019135	3148424
ipv6.R	is_supernet	2020-03-11T05:49:53Z	macOS	0.0196233127307691	0.00665059042339443	0.0168837529999999	0.0182893597499999	0.0186035894999999	0.0186575197499999	0.0521002599999999	26	1	0.510206130999998	3148424
ipv6.R	prefix_length	2020-03-11T05:49:53Z	macOS	6.14470441411704e-05	0.000738972339537714	3.90789999999974e-05	4.18340000000184e-05	4.2360000000019e-05	4.29340000001055e-05	0.0310220910000001	8133	5	0.499748810000139	0
ipv6.R	netmask	2020-03-11T05:49:53Z	macOS	0.0150292222777778	0.00902676464159896	0.0105778040000001	0.01230337075	0.0125213635	0.0126505630000001	0.045539306	36	3	0.541052002000001	5245672
ipv6.R	hostmask	2020-03-11T05:49:53Z	macOS	0.0164647353225807	0.00927705067197374	0.011430517	0.013233392	0.013737036	0.0141097065	0.044872863	31	3	0.510406795	5245672
ipv6.R	minimum	2020-03-11T05:49:53Z	macOS	0.0430190268461539	0.0157516528258216	0.02878746	0.0311834759999999	0.031967224	0.0613279090000001	0.06368939	13	5	0.559247349	14683296
ipv6.R	maximum	2020-03-11T05:49:53Z	macOS	0.0405513858461538	0.0154880698142445	0.028520832	0.0308456300000001	0.0318012519999999	0.0605572990000001	0.0671724339999999	13	4	0.527168016	14683296
