ipv4.R	parse_address	2020-03-15T02:24:02Z	macOS	0.0347699305333333	0.0117996758129015	0.026267594	0.026422705	0.026700133	0.0502828485	0.052115316	15	5	0.521548958	5251032
ipv4.R	parse_network	2020-03-15T02:24:02Z	macOS	0.066509053625	0.0304359105783352	0.051125287	0.051765453	0.0532502380000001	0.0605975845	0.138477308	8	2	0.532072429	6294296
ipv4.R	print_address	2020-03-15T02:24:02Z	macOS	0.137200247	0.0113963513996026	0.130478391	0.131230869	0.132038548	0.138007926	0.154245501	4	1	0.548800988	2099752
ipv4.R	print_network	2020-03-15T02:24:02Z	macOS	0.185237722	0.00152735330797	0.183967189	0.1843904385	0.184813688	0.1858729885	0.186932289	3	0	0.555713166	2107416
ipv4.R	is_within	2020-03-15T02:24:02Z	macOS	0.00741368675000002	0.00403693843349208	0.00625701000000001	0.00657196000000002	0.00672780350000002	0.00680832675000001	0.0304739590000001	68	2	0.504130699000001	1065000
ipv4.R	is_within_any	2020-03-15T02:24:02Z	macOS	0.00877532449122806	0.00448270972285105	0.00724445499999993	0.00773678	0.00790512799999998	0.00810124800000001	0.032463783	57	2	0.500193495999999	1059088
ipv4.R	is_subnet	2020-03-15T02:24:02Z	macOS	0.0138363972051282	0.0153665859856324	0.00782057399999991	0.008367024	0.00921761700000001	0.00950572999999993	0.095200822	39	5	0.539619491	3173512
ipv4.R	is_supernet	2020-03-15T02:24:02Z	macOS	0.0107285627959184	0.00649098976004002	0.00774936100000001	0.00908790699999995	0.00922747899999998	0.00929840000000004	0.036400053	49	3	0.525699577	3159832
ipv4.R	prefix_length	2020-03-15T02:24:02Z	macOS	5.75071180667602e-05	0.000544892120068139	3.96360000000096e-05	4.24209999999592e-05	4.31034999999746e-05	4.39034999999977e-05	0.022861419	8690	5	0.499736856000146	0
ipv4.R	netmask	2020-03-15T02:24:02Z	macOS	0.0100266468	0.00811970094432051	0.005077047	0.00664957975000005	0.00723629649999996	0.00731623825	0.030970898	50	7	0.501332339999999	5252696
ipv4.R	hostmask	2020-03-15T02:24:02Z	macOS	0.0105624821875	0.0087917851721054	0.00540456300000003	0.00686998075000006	0.00739557450000006	0.00749822675000003	0.035694361	48	7	0.506999145000001	5252696
ipv4.R	minimum	2020-03-15T02:24:02Z	macOS	0.0332316395000001	0.0117274825335377	0.0228180440000001	0.02461595425	0.0249095295000001	0.0468146517500001	0.0497113280000001	16	6	0.531706232000001	14873528
ipv4.R	maximum	2020-03-15T02:24:02Z	macOS	0.0356558414666666	0.012793791415265	0.0229372489999999	0.0243237129999999	0.0252948729999999	0.0490693099999999	0.0496764319999998	15	7	0.534837621999999	14693920

ipv6.R	parse_address	2020-03-15T02:24:10Z	macOS	0.0560414073333334	0.0101450582807797	0.050987618	0.052394951	0.053079482	0.053280299	0.0829975070000001	9	1	0.504372666	5245672
ipv6.R	parse_network	2020-03-15T02:24:10Z	macOS	0.108027015	0.0174939732624316	0.094692158	0.0948292980000001	0.096349508	0.125430741	0.12883337	5	2	0.540135075	6294296
ipv6.R	print_address	2020-03-15T02:24:10Z	macOS	0.1226464868	0.00123710593259535	0.121591608	0.122116104	0.122267651	0.1224763	0.124780771	5	0	0.613232434	2099752
ipv6.R	print_network	2020-03-15T02:24:10Z	macOS	0.190861383333333	0.0295938253426834	0.173590069	0.1737757165	0.173961364	0.1994970405	0.225032717	3	1	0.57258415	2099752
ipv6.R	is_within	2020-03-15T02:24:10Z	macOS	0.016105302625	0.00049675627506986	0.015556374	0.015947506	0.0160379565	0.01619503625	0.018522738	32	0	0.515369684	1051176
ipv6.R	is_within_any	2020-03-15T02:24:10Z	macOS	0.0379364429285714	0.00864205329395663	0.034931709	0.0354901105	0.0357364145	0.03585354125	0.0679314289999999	14	1	0.531110201	1051176
ipv6.R	is_subnet	2020-03-15T02:24:10Z	macOS	0.0196495941153846	0.0063269607549587	0.016974365	0.01855802825	0.01862804	0.0187312077500001	0.05050543	26	1	0.510889447000001	3148424
ipv6.R	is_supernet	2020-03-15T02:24:10Z	macOS	0.0213322420000001	0.00939444537180948	0.0172315870000002	0.0178074132500001	0.0185817135000001	0.0187863475000001	0.0517518400000001	24	2	0.511973808000002	3148424
ipv6.R	prefix_length	2020-03-15T02:24:10Z	macOS	6.31739292560065e-05	0.000764147875805669	3.89639999999192e-05	4.23279999999526e-05	4.31264999999903e-05	4.39379999999934e-05	0.0324521329999999	7930	5	0.500969259000132	0
ipv6.R	netmask	2020-03-15T02:24:10Z	macOS	0.0162974580645162	0.0106860327602561	0.0106178250000001	0.0120571575000001	0.0125181160000001	0.0128667485000001	0.0438470830000002	31	4	0.505221200000003	5245672
ipv6.R	hostmask	2020-03-15T02:24:10Z	macOS	0.018813470962963	0.0125541029448519	0.011421758	0.0125770119999999	0.0135581690000001	0.0139166365	0.0473674000000001	27	5	0.507963716000001	5245672
ipv6.R	minimum	2020-03-15T02:24:10Z	macOS	0.0474006099090909	0.0153109485374851	0.0285725489999999	0.032402446	0.059024431	0.06087506	0.0621278900000001	11	6	0.521406709	14683296
ipv6.R	maximum	2020-03-15T02:24:10Z	macOS	0.050294478	0.0317316841291606	0.029759701	0.0316418725	0.032291197	0.0600024595	0.131510298	10	4	0.50294478	14683296
