ipv4.R	parse_address	2020-03-05T16:29:18Z	macOS	0.0316781470625	0.00817720841827762	0.026295009	0.0267366415	0.028727976	0.03265125	0.051966664	16	2	0.506850353	5254000
ipv4.R	parse_network	2020-03-05T16:29:18Z	macOS	0.068952694125	0.0180149264811275	0.051573626	0.05306005575	0.0625985905	0.08653146675	0.096196562	8	3	0.551621553	6294296
ipv4.R	print_address	2020-03-05T16:29:18Z	macOS	0.14001008625	0.00807576046066279	0.133256641	0.13627347175	0.137522687	0.1412593015	0.15173833	4	0	0.560040345	2099752
ipv4.R	print_network	2020-03-05T16:29:18Z	macOS	0.215063174	0.0163411390338072	0.205599958	0.2056286275	0.205657297	0.219794782	0.233932267	3	0	0.645189522	2107416
ipv4.R	is_within	2020-03-05T16:29:18Z	macOS	0.00852136211864409	0.00458893603244945	0.00706652700000002	0.007480561	0.00758328200000002	0.00784504650000001	0.032988926	59	2	0.502760365000001	1061832
ipv4.R	is_within_any	2020-03-05T16:29:18Z	macOS	0.0116460250465116	0.00528186001507222	0.00978587599999997	0.010194625	0.010374471	0.010840111	0.036003839	43	2	0.500779077	1059992
ipv4.R	is_subnet	2020-03-05T16:29:18Z	macOS	0.013075820725	0.00839876219822568	0.00850030600000001	0.00915608100000002	0.010024624	0.01094967925	0.035899372	40	5	0.523032829000001	3171776
ipv4.R	is_supernet	2020-03-05T16:29:18Z	macOS	0.0136658132162162	0.00951053739565156	0.008571098	0.00962970400000002	0.010304983	0.012109256	0.046626254	37	4	0.505635089000001	3159080
ipv4.R	prefix_length	2020-03-05T16:29:18Z	macOS	5.80727957239303e-05	0.000557840759998899	3.99490000000113e-05	4.24689999999964e-05	4.30925000000082e-05	4.39897500000216e-05	0.023516967	8606	5	0.499774480000144	0
ipv4.R	netmask	2020-03-05T16:29:18Z	macOS	0.0116346532093023	0.00973554353250048	0.00534315200000002	0.00695600650000001	0.00736079000000001	0.008186578	0.03456549	43	8	0.500290088000001	5255696
ipv4.R	hostmask	2020-03-05T16:29:18Z	macOS	0.0122885187804878	0.0161993887836378	0.00536370500000002	0.00693538800000001	0.00720508200000003	0.00870765500000004	0.099941129	41	6	0.503829270000001	5255696
ipv4.R	minimum	2020-03-05T16:29:18Z	macOS	0.033997519	0.012194745219952	0.02278273	0.024370286	0.025015678	0.0478794235	0.049893153	15	6	0.509962785	14875968
ipv4.R	maximum	2020-03-05T16:29:18Z	macOS	0.0376237710714286	0.0131748194972311	0.022623558	0.0256627555	0.037675728	0.05011314675	0.051200542	14	7	0.526732795	14693920
