ipv4.R	parse_address	2020-03-15T02:43:47Z	macOS	0.0424577806153846	0.0255389846231135	0.0269179349999999	0.027339032	0.0288100090000001	0.0527707359999998	0.117513608	13	5	0.551951148	5251032
ipv4.R	parse_network	2020-03-15T02:43:47Z	macOS	0.1065848776	0.058474209636361	0.0613515070000001	0.0821687360000001	0.0899456920000001	0.090420733	0.20903772	5	3	0.532924388	6294296
ipv4.R	print_address	2020-03-15T02:43:47Z	macOS	0.15174133575	0.0188306909416483	0.135874874	0.13625178425	0.148544284	0.1640338355	0.174001901	4	0	0.606965343	2099752
ipv4.R	print_network	2020-03-15T02:43:47Z	macOS	0.207053794333333	0.0108912026302271	0.198791316	0.2008827855	0.202974255	0.2111850335	0.219395812	3	0	0.621161383	2107416
ipv4.R	is_within	2020-03-15T02:43:47Z	macOS	0.00833868848333335	0.0052751774963038	0.006309962	0.00672730650000003	0.00687126900000001	0.00722067149999994	0.032684873	60	2	0.500321309000001	1065000
ipv4.R	is_within_any	2020-03-15T02:43:47Z	macOS	0.0091067857818182	0.00459197228025046	0.00753760100000012	0.00804969249999998	0.00821029399999995	0.00844602399999994	0.0328083370000001	55	2	0.500873218000001	1059088
ipv4.R	is_subnet	2020-03-15T02:43:47Z	macOS	0.01250676745	0.00833723004714849	0.00775956099999986	0.00836486600000003	0.00926887149999989	0.0121630972499999	0.0345552309999999	40	5	0.500270698	3173512
ipv4.R	is_supernet	2020-03-15T02:43:47Z	macOS	0.01252100045	0.0147143795927144	0.00782931500000017	0.00865445275000004	0.00921880500000005	0.00950709074999989	0.0982924570000001	40	3	0.500840018000001	3159832
ipv4.R	prefix_length	2020-03-15T02:43:47Z	macOS	5.82873119897528e-05	0.000555896291251932	3.94880000000875e-05	4.22890000000287e-05	4.30350000000246e-05	4.4069000000091e-05	0.0240478560000001	8574	5	0.49975541300014	0
ipv4.R	netmask	2020-03-15T02:43:47Z	macOS	0.0104417335714287	0.00857604765054174	0.00533666100000008	0.00659452500000013	0.00735788300000007	0.00771532100000005	0.0324080150000001	49	7	0.511644945000005	5252696
ipv4.R	hostmask	2020-03-15T02:43:47Z	macOS	0.0114259956818182	0.00937049589200476	0.005499001	0.00719456875000007	0.00759728449999997	0.00868126524999996	0.03949906	44	6	0.502743810000001	5252696
ipv4.R	minimum	2020-03-15T02:43:47Z	macOS	0.0359044447857143	0.0134287150832591	0.0234447799999999	0.024454699	0.026505147	0.04963373375	0.056257338	14	6	0.502662227	14873528
ipv4.R	maximum	2020-03-15T02:43:47Z	macOS	0.0417670325000001	0.013698020353428	0.0244858159999999	0.0257904962500001	0.049312066	0.05051231925	0.0639980680000001	12	7	0.501204390000001	14693920

ipv6.R	parse_address	2020-03-15T02:43:58Z	macOS	0.0635801226250001	0.0193753804875642	0.0524783130000002	0.0527531620000001	0.0537127325000001	0.06284424325	0.101956422	8	2	0.508640981000001	5245672
ipv6.R	parse_network	2020-03-15T02:43:58Z	macOS	0.1060050608	0.0133092147196853	0.0977644100000001	0.0977665610000003	0.097935393	0.108122753	0.128436187	5	1	0.530025304	6294296
ipv6.R	print_address	2020-03-15T02:43:58Z	macOS	0.124136327	0.00384857189611631	0.121315501	0.121953885	0.122711777	0.123897835	0.130802637	5	0	0.620681635	2099752
ipv6.R	print_network	2020-03-15T02:43:58Z	macOS	0.18790519	0.00484979471239666	0.184491699	0.185129477	0.185767255	0.1896119355	0.193456616	3	0	0.56371557	2099752
ipv6.R	is_within	2020-03-15T02:43:58Z	macOS	0.0177803586206896	0.0057029743665681	0.015853272	0.0163146540000001	0.0164251879999999	0.0166078199999999	0.0470722690000001	29	1	0.515630399999999	1051176
ipv6.R	is_within_any	2020-03-15T02:43:58Z	macOS	0.0888558303333334	0.108430981358801	0.035606781	0.038448567	0.0410083350000001	0.06209547225	0.308791702	6	1	0.533134982	1051176
ipv6.R	is_subnet	2020-03-15T02:43:58Z	macOS	0.0222161251739131	0.00924620020558588	0.0170215810000001	0.0177442070000001	0.0189197329999999	0.0214734455	0.0512243480000001	23	2	0.510970879	3148424
ipv6.R	is_supernet	2020-03-15T02:43:58Z	macOS	0.0235873774347826	0.0126675345028856	0.016705524	0.0171883305	0.0179072370000002	0.019758641	0.0540746189999999	23	4	0.542509681000001	3148424
ipv6.R	prefix_length	2020-03-15T02:43:58Z	macOS	7.39058630783946e-05	0.000831412558104462	4.02759999997837e-05	4.25539999997504e-05	4.32619999999329e-05	4.61344999997948e-05	0.0389438159999997	6763	4	0.499825351999182	0
ipv6.R	netmask	2020-03-15T02:43:58Z	macOS	0.0180302797666667	0.0117232479967881	0.010750813	0.012191147	0.0127365340000001	0.0151874760000001	0.0453750970000002	30	5	0.540908393000002	5245672
ipv6.R	hostmask	2020-03-15T02:43:58Z	macOS	0.0212791424000001	0.0138049956771538	0.0116107630000002	0.0134523070000001	0.0145241760000001	0.0183636890000001	0.0513035570000002	25	5	0.531978560000002	5245672
ipv6.R	minimum	2020-03-15T02:43:58Z	macOS	0.0574500587	0.0305743212214643	0.030005286	0.03157941475	0.0614846845	0.064592673	0.131206881	10	6	0.574500587	14683296
ipv6.R	maximum	2020-03-15T02:43:58Z	macOS	0.0421725741666667	0.0159010228414496	0.029415049	0.0308268577500001	0.0330408770000001	0.061178502	0.0658044290000002	12	4	0.506070890000001	14683296
