ipv4.R	parse_address	2020-03-08T18:18:08Z	macOS	0.0406223883846154	0.0128060713307083	0.026405541	0.030063479	0.034991134	0.051569068	0.062265732	13	5	0.528091049	5251032
ipv4.R	parse_network	2020-03-08T18:18:08Z	macOS	0.0771086608571429	0.031484921231152	0.052084843	0.0615509105	0.067262331	0.075975409	0.145360813	7	2	0.539760626	6294296
ipv4.R	print_address	2020-03-08T18:18:08Z	macOS	0.15076111775	0.0126109083222716	0.137116062	0.14284269825	0.1498939535	0.157812373	0.166140502	4	1	0.603044471	2099752
ipv4.R	print_network	2020-03-08T18:18:08Z	macOS	0.194410732666667	0.00494510661388432	0.189937446	0.1917556645	0.193573883	0.196647376	0.199720869	3	0	0.583232198	2107408
ipv4.R	is_within	2020-03-08T18:18:08Z	macOS	0.00762689962121208	0.00453210050727971	0.00634931399999999	0.00668290024999994	0.00677145949999994	0.00700826274999997	0.034148239	66	2	0.503375374999997	1061832
ipv4.R	is_within_any	2020-03-08T18:18:08Z	macOS	0.00953534162264153	0.00527122055314203	0.00744542000000004	0.00788988900000004	0.00817594599999999	0.008849145	0.0385696110000001	53	2	0.505373106000001	1059992
ipv4.R	is_subnet	2020-03-08T18:18:08Z	macOS	0.0122950243658536	0.00844645947445162	0.007707464	0.00832866399999999	0.00929867199999995	0.010461887	0.035889295	41	5	0.504095999	3171776
ipv4.R	is_supernet	2020-03-08T18:18:08Z	macOS	0.0122367816341464	0.00857330741327646	0.00798597900000003	0.00890229500000006	0.009443441	0.00983988000000002	0.0448547340000001	41	4	0.501708047000001	3159080
ipv4.R	prefix_length	2020-03-08T18:18:08Z	macOS	5.90826082998537e-05	0.000570114387011234	3.90490000000132e-05	4.17010000000051e-05	4.24880000000072e-05	4.3996750000011e-05	0.02442784	8458	5	0.499720701000163	0
ipv4.R	netmask	2020-03-08T18:18:08Z	macOS	0.0112392252978724	0.00908707218827788	0.00531036900000004	0.00676372450000001	0.00723792899999998	0.007822833	0.030789833	47	9	0.528243589000001	5252688
ipv4.R	hostmask	2020-03-08T18:18:08Z	macOS	0.0119824142142857	0.0101400390946728	0.00547425699999998	0.00721249899999997	0.00740861849999999	0.00814353049999994	0.0372508149999999	42	8	0.503261396999999	5252696
ipv4.R	minimum	2020-03-08T18:18:08Z	macOS	0.04414123875	0.0252887129501771	0.0222799400000001	0.026222942	0.038927947	0.050670845	0.112262107	12	6	0.529694865	14875968
ipv4.R	maximum	2020-03-08T18:18:08Z	macOS	0.0382481555	0.0142311498863636	0.023438651	0.02508936025	0.0374023975	0.0506019705	0.0557366929999999	14	7	0.535474177	14693920

ipv6.R	parse_address	2020-03-08T18:18:17Z	macOS	0.0612432987777778	0.0131418551066949	0.053607881	0.054220837	0.055001068	0.05823661	0.091550959	9	1	0.551189689	5245672
ipv6.R	parse_network	2020-03-08T18:18:17Z	macOS	0.1132378876	0.0179690454484132	0.0964566010000001	0.100843904	0.105286019	0.124594532	0.139008382	5	1	0.566189438	6294296
ipv6.R	print_address	2020-03-08T18:18:17Z	macOS	0.134584615	0.0134381004400702	0.12236028	0.126217146	0.1314572395	0.1398247085	0.153063701	4	0	0.53833846	2099752
ipv6.R	print_network	2020-03-08T18:18:17Z	macOS	0.179238142333333	0.00176636692837706	0.177604019	0.1783011035	0.178998188	0.180055204	0.18111222	3	0	0.537714427	2099752
ipv6.R	is_within	2020-03-08T18:18:17Z	macOS	0.0176467016206896	0.00611272914032706	0.015695989	0.016085958	0.016289606	0.016546896	0.048825143	29	1	0.511754346999999	1051176
ipv6.R	is_within_any	2020-03-08T18:18:17Z	macOS	0.036464225	0.00144142323324547	0.035298911	0.03590323375	0.035977264	0.03637746925	0.041191634	14	0	0.51049915	1051176
ipv6.R	is_subnet	2020-03-08T18:18:17Z	macOS	0.0209425131666666	0.00956373807992407	0.0162016179999999	0.0173813805	0.0183187975	0.018684418	0.0526290659999999	24	2	0.502620315999999	3148424
ipv6.R	is_supernet	2020-03-08T18:18:17Z	macOS	0.02077193564	0.00952423066170963	0.016325165	0.017092742	0.018226822	0.018521275	0.053588592	25	2	0.519298391	3148424
ipv6.R	prefix_length	2020-03-08T18:18:17Z	macOS	6.48663997772713e-05	0.000831158384527915	3.80409999999887e-05	4.11972499999996e-05	4.21764999999907e-05	4.37439999999983e-05	0.041091694	8082	5	0.524250242999906	0
ipv6.R	netmask	2020-03-08T18:18:17Z	macOS	0.0147077073888889	0.00924856194647619	0.010108159	0.01190721375	0.012056285	0.012452032	0.045242806	36	3	0.529477466000001	5245672
ipv6.R	hostmask	2020-03-08T18:18:17Z	macOS	0.01590012528125	0.00966842189534748	0.011202194	0.01255716175	0.013183073	0.0135668195	0.046375127	32	3	0.508804009000001	5245672
ipv6.R	minimum	2020-03-08T18:18:17Z	macOS	0.04423051425	0.0162116706632806	0.0291069200000001	0.030729924	0.0332160185	0.061984912	0.063873727	12	5	0.530766171	14683296
ipv6.R	maximum	2020-03-08T18:18:17Z	macOS	0.0500407818	0.033185897045323	0.028350456	0.03102112475	0.031739973	0.06042235925	0.135169911	10	4	0.500407818	14683296
