ipv4.R	parse_address	2020-02-28T02:46:14Z	macOS	0.0345802659333333	0.0131704905237074	0.026048952	0.026502607	0.027090969	0.0407082055	0.0588576850000001	15	4	0.518703989	5245672
ipv4.R	parse_network	2020-02-28T02:46:14Z	macOS	0.0745674825714286	0.0344502674923434	0.051767793	0.0527668995	0.053841206	0.082527431	0.145774718	7	3	0.521972378	6294296
ipv4.R	print_address	2020-02-28T02:46:14Z	macOS	0.140870661	0.00257463837371399	0.137525235	0.139863312	0.1411187735	0.1421261225	0.143719862	4	0	0.563482644	2109768
ipv4.R	print_network	2020-02-28T02:46:14Z	macOS	0.190144526333333	0.00347938292397435	0.187658363	0.1881563885	0.188654414	0.191387608	0.194120802	3	0	0.570433579	2107360
ipv4.R	is_within	2020-02-28T02:46:14Z	macOS	0.00741113069014087	0.00477589533137254	0.00615867300000006	0.00652799650000002	0.00655855500000002	0.00659897650000002	0.035487629	71	2	0.526190279000002	1106888
ipv4.R	is_within_any	2020-02-28T02:46:14Z	macOS	0.00760208351515149	0.00350972065197102	0.00671852399999995	0.00703914950000004	0.00712240299999994	0.00726499174999995	0.035472602	66	1	0.501737511999998	1059960
ipv4.R	is_subnet	2020-02-28T02:46:14Z	macOS	0.00758140811594205	0.00498114306705271	0.00617904200000008	0.00650728999999994	0.00654436199999997	0.00668273600000002	0.036537492	69	2	0.523117160000002	1061768
ipv4.R	is_supernet	2020-02-28T02:46:14Z	macOS	0.0069275477671233	0.00329733303972404	0.00614403699999999	0.00650974999999998	0.00653719200000002	0.00661259700000005	0.034677627	73	1	0.505710987000001	1059272
ipv4.R	prefix_length	2020-02-28T02:46:14Z	macOS	6.10139918475172e-05	0.000667520408354362	3.95869999999521e-05	4.26780000000182e-05	4.33779999999828e-05	4.42830000000338e-05	0.0293089839999999	8341	5	0.508917706000141	6744
ipv4.R	netmask	2020-02-28T02:46:14Z	macOS	0.0103345829803922	0.0090457516144697	0.00500566800000002	0.00698277400000002	0.00728169900000009	0.00760243850000003	0.0355156839999999	51	6	0.527063732000001	5256112
ipv4.R	hostmask	2020-02-28T02:46:14Z	macOS	0.0111127804565218	0.0103586787005055	0.00523714600000003	0.00668843299999997	0.00722456900000001	0.00748346725000007	0.041521638	46	7	0.511187901000001	5256128
ipv4.R	minimum	2020-02-28T02:46:14Z	macOS	0.0229935891818182	0.0147037913537886	0.010286547	0.0116224235	0.013318453	0.040756336	0.045346098	22	8	0.505858962	14896568
ipv4.R	maximum	2020-02-28T02:46:14Z	macOS	0.0243552687619048	0.0227665438024372	0.010872608	0.012338629	0.013667786	0.040455637	0.10471843	21	6	0.511460644	14693920
