ipv4.R	parse_address	2020-03-22T22:57:50Z	macOS	0.0393028373846153	0.0251494750430152	0.025530202	0.026275431	0.027228061	0.049574143	0.115049911	13	4	0.510936885999999	5250528
ipv4.R	parse_network	2020-03-22T22:57:50Z	macOS	0.0616233464444444	0.0101421246114912	0.05430967	0.0546624389999999	0.057534573	0.059752537	0.079726683	9	2	0.554610118	6294296
ipv4.R	print_address	2020-03-22T22:57:50Z	macOS	0.13945463475	0.00366788626679191	0.135604148	0.13676239025	0.1394433245	0.142135569	0.143327742	4	0	0.557818539	2099752
ipv4.R	print_network	2020-03-22T22:57:50Z	macOS	0.200773439666667	0.0123550986095954	0.186511187	0.1970582325	0.207605278	0.207904566	0.208203854	3	0	0.602320319	2107392
ipv4.R	is_within	2020-03-22T22:57:50Z	macOS	0.0075854866818182	0.0043377887493274	0.00611031700000009	0.00653269875000001	0.00672318400000005	0.00708957500000004	0.032088517	66	2	0.500642121000001	1066248
ipv4.R	is_within_any	2020-03-22T22:57:50Z	macOS	0.00902853944642868	0.0045407065849229	0.00725184700000014	0.0077510182500001	0.00798219700000008	0.00855281325000004	0.0327390150000001	56	2	0.505598209000006	1060792
ipv4.R	is_subnet	2020-03-22T22:57:50Z	macOS	0.0119882110238095	0.00833573997040083	0.00750437500000001	0.00822066450000003	0.0088617875	0.00948046324999999	0.035331793	42	5	0.503504863000001	3275448
ipv4.R	is_supernet	2020-03-22T22:57:50Z	macOS	0.0115021241590909	0.0075774837269842	0.00755414700000001	0.00860661149999997	0.00904099300000005	0.00984210950000008	0.0365743060000001	44	4	0.506093463000001	3161088
ipv4.R	prefix_length	2020-03-22T22:57:50Z	macOS	3.81633940004794e-06	8.23667080412317e-07	3.06400000005258e-06	3.45700000004001e-06	3.6920000000551e-06	3.9110000000786e-06	2.49770000000371e-05	10000	0	0.0381633940004794	0
ipv4.R	netmask	2020-03-22T22:57:50Z	macOS	0.01437580105	0.0166098802676004	0.00519006899999996	0.00594091675000002	0.00705227200000003	0.01401487675	0.09452752	40	10	0.575032042	5252176
ipv4.R	hostmask	2020-03-22T22:57:50Z	macOS	0.010158606627451	0.00854431018132275	0.00538179700000008	0.00692369199999998	0.00721429600000001	0.00776247749999998	0.037613111	51	6	0.518088938000001	5252192
ipv4.R	minimum	2020-03-22T22:57:50Z	macOS	0.0354734788666667	0.012857868138177	0.022540153	0.0253747245	0.027566722	0.0494039225	0.053338082	15	6	0.532102183	14873504
ipv4.R	maximum	2020-03-22T22:57:50Z	macOS	0.0345084905333333	0.0127600389342004	0.023516939	0.0242309635	0.025297608	0.047217796	0.054092515	15	6	0.517627358	14693920

ipv6.R	parse_address	2020-03-22T22:57:58Z	macOS	0.0590863471111111	0.0135677385949564	0.0516449210000001	0.05217382	0.054331274	0.056422352	0.0942344079999999	9	1	0.531777124	5245672
ipv6.R	parse_network	2020-03-22T22:57:58Z	macOS	0.104958078	0.0205675994225513	0.094409857	0.0944549180000001	0.095504249	0.098811332	0.141610034	5	1	0.52479039	6294296
ipv6.R	print_address	2020-03-22T22:57:58Z	macOS	0.1244603788	0.00112399402377492	0.123820828	0.123882739	0.123893118	0.124257881	0.126447328	5	0	0.622301894	2099752
ipv6.R	print_network	2020-03-22T22:57:58Z	macOS	0.181220559333333	0.00182498638752464	0.180122349	0.1801672215	0.180212094	0.1817696645	0.183327235	3	0	0.543661678	2099752
ipv6.R	is_within	2020-03-22T22:57:58Z	macOS	0.0176765577241379	0.00604468732355809	0.0157346559999999	0.016160603	0.016457835	0.016785478	0.0489665159999999	29	1	0.512620173999999	1051176
ipv6.R	is_within_any	2020-03-22T22:57:58Z	macOS	0.0374246974285714	0.00207708777593471	0.0350298609999999	0.0358154047499999	0.0367373555	0.03867224175	0.040755411	14	0	0.523945764	1051176
ipv6.R	is_subnet	2020-03-22T22:57:58Z	macOS	0.021745325625	0.00793248457074396	0.017279892	0.0187327842500001	0.020394665	0.02145927375	0.058149764	24	1	0.521887815000001	3148424
ipv6.R	is_supernet	2020-03-22T22:57:58Z	macOS	0.0219646173333334	0.0107853868387153	0.0169862310000001	0.0181171445	0.018745171	0.0194373015000001	0.0586484350000001	24	2	0.527150816000001	3148424
ipv6.R	prefix_length	2020-03-22T22:57:58Z	macOS	4.1507190000166e-06	1.93435681560306e-06	2.86000000004893e-06	3.43400000002436e-06	3.63100000000394e-06	4.85724999996218e-06	9.92060000000183e-05	10000	0	0.041507190000166	0
ipv6.R	netmask	2020-03-22T22:57:58Z	macOS	0.015396274939394	0.00960872861500871	0.010356674	0.01227473	0.012483192	0.012882264	0.046665638	33	3	0.508077073000001	5245672
ipv6.R	hostmask	2020-03-22T22:57:58Z	macOS	0.0187997964285714	0.0116935642632754	0.011952481	0.0136036855000001	0.0140814335	0.01573938325	0.0484750979999999	28	4	0.5263943	5245672
ipv6.R	minimum	2020-03-22T22:57:58Z	macOS	0.0433489533846154	0.019534120595144	0.0284529510000001	0.030441128	0.032653638	0.063386865	0.085720165	13	4	0.563536394	14683296
ipv6.R	maximum	2020-03-22T22:57:58Z	macOS	0.0509476941818182	0.0330181967639814	0.0288127720000001	0.0326285325	0.0337956460000001	0.063271828	0.140155275	11	4	0.560424636	14683296
