ipv4.R	parse_address	2020-03-15T02:52:34Z	macOS	0.0338613222	0.0115117581522679	0.0252685300000001	0.0257619495	0.02617946	0.048582466	0.050926069	15	5	0.507919833	5251032
ipv4.R	parse_network	2020-03-15T02:52:34Z	macOS	0.0656883543749999	0.0293344072104246	0.0505771309999999	0.0511465805	0.0535455424999999	0.0596485504999999	0.135141647	8	2	0.525506835	6294296
ipv4.R	print_address	2020-03-15T02:52:34Z	macOS	0.1348773075	0.0114145860635296	0.125464812	0.128437593	0.131365942	0.1378056565	0.151312534	4	1	0.53950923	2099752
ipv4.R	print_network	2020-03-15T02:52:34Z	macOS	0.179193726666667	0.000798237391730246	0.178386219	0.1787994105	0.179212602	0.1795974805	0.179982359	3	0	0.53758118	2107416
ipv4.R	is_within	2020-03-15T02:52:34Z	macOS	0.00739918233823532	0.00404366427684139	0.00611213999999993	0.00645833725	0.00667502900000005	0.00692233200000006	0.030435053	68	2	0.503144399000002	1065000
ipv4.R	is_within_any	2020-03-15T02:52:34Z	macOS	0.0084892594745763	0.00434649186151425	0.00690354299999996	0.00743514449999999	0.00763023000000007	0.00798512600000001	0.031786487	59	2	0.500866309000001	1059088
ipv4.R	is_subnet	2020-03-15T02:52:34Z	macOS	0.0138488164324324	0.0153861372042106	0.00750686099999998	0.00833226500000006	0.00895569600000001	0.010439787	0.092951875	37	5	0.512406208000001	3173512
ipv4.R	is_supernet	2020-03-15T02:52:34Z	macOS	0.0105182394285713	0.00638963922785609	0.00756210599999996	0.00874769899999994	0.00900292699999994	0.00912349599999984	0.035102062	49	3	0.515393731999995	3159832
ipv4.R	prefix_length	2020-03-15T02:52:34Z	macOS	5.5868383342666e-05	0.000529267801349052	3.76250000000411e-05	4.03400000000831e-05	4.17350000000427e-05	4.28160000000011e-05	0.022558618	8945	5	0.499742689000147	0
ipv4.R	netmask	2020-03-15T02:52:34Z	macOS	0.0102190988076924	0.0087703553935972	0.00482322600000007	0.00637380950000016	0.00696330650000004	0.00707102400000006	0.036922741	52	8	0.531393138000004	5252696
ipv4.R	hostmask	2020-03-15T02:52:34Z	macOS	0.00951419767924531	0.00758670111261585	0.00527944600000008	0.00664751399999997	0.00712220500000005	0.00733697900000008	0.032003683	53	6	0.504252477000001	5252696
ipv4.R	minimum	2020-03-15T02:52:34Z	macOS	0.0336677473125	0.0120867089293744	0.021329066	0.02334828825	0.025374947	0.0467008829999999	0.047747152	16	7	0.538683957	14873528
ipv4.R	maximum	2020-03-15T02:52:34Z	macOS	0.0320062648125001	0.0120217155007145	0.0215417710000001	0.0225441050000001	0.0239728170000001	0.0460093005000002	0.0494867980000001	16	6	0.512100237000002	14693920
