ipv4.R	parse_address	2020-03-03T01:33:14Z	macOS	0.0364955467857143	0.0129668558273353	0.028099773	0.0296042777500001	0.030437226	0.0326402015	0.0635880590000001	14	3	0.510937655	5245672
ipv4.R	parse_network	2020-03-03T01:33:14Z	macOS	0.0759885571428571	0.0185534715456415	0.057370845	0.0614307185	0.064805372	0.094732317	0.097417612	7	3	0.5319199	6294296
ipv4.R	print_address	2020-03-03T01:33:14Z	macOS	0.170687477	0.00384827080688467	0.167395533	0.1685720595	0.169748586	0.172333449	0.174918312	3	0	0.512062431	2109768
ipv4.R	print_network	2020-03-03T01:33:14Z	macOS	0.234379217666667	0.00765147066928288	0.225675454	0.231545938	0.237416422	0.2387310995	0.240045777	3	0	0.703137653	2107360
ipv4.R	is_within	2020-03-03T01:33:14Z	macOS	0.0109521948478261	0.00836886601347219	0.00766916399999995	0.00838980250000002	0.00880204900000003	0.00922130874999996	0.0430113050000001	46	3	0.503800963000001	1076544
ipv4.R	is_within_any	2020-03-03T01:33:14Z	macOS	0.0128323830256411	0.00713079628288287	0.0102622240000001	0.01078663	0.0111818130000001	0.011645099	0.04349376	39	2	0.500462938000001	1059960
ipv4.R	is_subnet	2020-03-03T01:33:14Z	macOS	0.0158483416875	0.019581281502175	0.00877649300000005	0.01018947125	0.0105163445000001	0.0114196835	0.114589405	32	3	0.507146934000001	3174144
ipv4.R	is_supernet	2020-03-03T01:33:14Z	macOS	0.013351971525	0.00955466998255705	0.009155739	0.01016660875	0.0106105530000001	0.011381112	0.0502397689999999	40	3	0.534078861000001	3159056
ipv4.R	prefix_length	2020-03-03T01:33:14Z	macOS	5.97460228332511e-05	0.00061082197067606	4.02769999999775e-05	4.24530000000534e-05	4.31210000000348e-05	4.44019999999989e-05	0.028125937	8365	4	0.499775481000146	0
ipv4.R	netmask	2020-03-03T01:33:14Z	macOS	0.01005934758	0.00904766060520034	0.0056090270000001	0.007046319	0.00730915700000001	0.00740106375000002	0.03800613	50	5	0.502967379000001	5255648
ipv4.R	hostmask	2020-03-03T01:33:14Z	macOS	0.011955908142857	0.0115850322716093	0.00523341599999982	0.0066505574999999	0.00720819399999989	0.00767702199999989	0.0434322039999998	42	7	0.502148141999995	5255656
ipv4.R	minimum	2020-03-03T01:33:14Z	macOS	0.02554367595	0.0161786162213402	0.011313605	0.012112086	0.0143248745	0.04385754675	0.053195922	20	8	0.510873519	14875936
ipv4.R	maximum	2020-03-03T01:33:14Z	macOS	0.0279471541666666	0.0165500022579692	0.011292195	0.0119939654999999	0.0266017805	0.04316482975	0.052836531	18	9	0.503048775	14693920
