ipv4.R	parse_address	2020-03-14T00:34:56Z	macOS	0.0442133033333333	0.0142107268214385	0.031463805	0.0345498355	0.0363423805	0.058628198	0.068168076	12	4	0.53055964	5251032
ipv4.R	parse_network	2020-03-14T00:34:56Z	macOS	0.0933936651428572	0.0301827732276177	0.0649585010000001	0.079203619	0.0815639380000001	0.096007088	0.156811803	7	3	0.653755656	6294296
ipv4.R	print_address	2020-03-14T00:34:56Z	macOS	0.194588438333333	0.0211729471850632	0.181154333	0.182384895	0.183615457	0.201305491	0.218995525	3	0	0.583765315	2099752
ipv4.R	print_network	2020-03-14T00:34:56Z	macOS	0.258835952666667	0.0426077495212502	0.211222175	0.2415678915	0.271913608	0.2826428415	0.293372075	3	0	0.776507858	2107416
ipv4.R	is_within	2020-03-14T00:34:56Z	macOS	0.00938652787037039	0.00655226116577083	0.00655389100000003	0.00757427550000003	0.00832100100000002	0.00860700475000001	0.044517979	54	2	0.506872505000001	1065000
ipv4.R	is_within_any	2020-03-14T00:34:56Z	macOS	0.0109138782173913	0.0050327777392788	0.00793531600000003	0.00821274250000004	0.010534292	0.012064757	0.042060075	46	1	0.502038398000001	1059088
ipv4.R	is_subnet	2020-03-14T00:34:56Z	macOS	0.0144134166666667	0.0101205273094376	0.00789694100000005	0.00930691225000002	0.0108846985	0.012315224	0.041899583	36	5	0.518883000000001	3173512
ipv4.R	is_supernet	2020-03-14T00:34:56Z	macOS	0.014998873882353	0.0185617213406887	0.00787698100000001	0.00948519175000001	0.0103788105	0.0116687245	0.114059105	34	3	0.509961712000001	3159832
ipv4.R	prefix_length	2020-03-14T00:34:56Z	macOS	7.04779816669205e-05	0.000679606958748029	4.15640000000495e-05	4.4612500000013e-05	5.76680000000107e-05	5.98270000000123e-05	0.033757105	7091	4	0.499759368000133	0
ipv4.R	netmask	2020-03-14T00:34:56Z	macOS	0.0114362350666667	0.00996987139840365	0.00540970300000004	0.00731501500000004	0.00815074300000002	0.00948243800000004	0.044582448	45	5	0.514630578000001	5252696
ipv4.R	hostmask	2020-03-14T00:34:56Z	macOS	0.0135206460810811	0.0117049791398819	0.00569814299999999	0.008007445	0.00896469700000002	0.010149148	0.047612595	37	6	0.500263905	5252696
ipv4.R	minimum	2020-03-14T00:34:56Z	macOS	0.04309417025	0.0200869602557493	0.024611078	0.029653856	0.0322288335	0.06036907275	0.077921364	12	4	0.517130043	14873528
ipv4.R	maximum	2020-03-14T00:34:56Z	macOS	0.0438987114166667	0.0178036100407124	0.025810532	0.03082572925	0.032848294	0.058107882	0.070043004	12	5	0.526784537	14693920
