ipv4.R	parse_address	2020-03-13T23:51:39Z	macOS	0.0336525882	0.0119168843674864	0.024877908	0.0252366515	0.0256019160000001	0.049404334	0.05033326	15	5	0.504788823	5251032
ipv4.R	parse_network	2020-03-13T23:51:39Z	macOS	0.065723456375	0.0301045553506037	0.0495725960000001	0.0510142965	0.052810432	0.06030858125	0.136808234	8	2	0.525787651	6294296
ipv4.R	print_address	2020-03-13T23:51:39Z	macOS	0.14718528575	0.0124432761045122	0.134214539	0.14030152775	0.145442313	0.152326071	0.163641978	4	1	0.588741143	2099752
ipv4.R	print_network	2020-03-13T23:51:39Z	macOS	0.209993830666667	0.0109296664197324	0.20060848	0.203993933	0.207379386	0.214686506	0.221993626	3	0	0.629981492	2107416
ipv4.R	is_within	2020-03-13T23:51:39Z	macOS	0.00775658746153847	0.00447038223269042	0.00632146	0.00670165800000005	0.00690048500000001	0.00717037700000001	0.0341941880000001	65	2	0.504178185000001	1065000
ipv4.R	is_within_any	2020-03-13T23:51:39Z	macOS	0.00948070156603772	0.00464929942875822	0.00758568900000001	0.00814237199999995	0.00841340200000001	0.008944493	0.033221096	53	2	0.502477182999999	1059088
ipv4.R	is_subnet	2020-03-13T23:51:39Z	macOS	0.0139392603055556	0.0101325033359009	0.00830337199999998	0.00936276575000003	0.0108602455	0.01193163925	0.0477819290000001	36	4	0.501813371000001	3173512
ipv4.R	is_supernet	2020-03-13T23:51:39Z	macOS	0.0141052077777778	0.0155873448487999	0.00793303900000003	0.00982404150000001	0.0111585035	0.011977606	0.10088348	36	2	0.507787480000001	3159832
ipv4.R	prefix_length	2020-03-13T23:51:39Z	macOS	6.86631008380444e-05	0.000716018068954763	4.10050000000384e-05	4.33570000000216e-05	4.45880000000121e-05	5.79695000000047e-05	0.0353667050000001	7279	4	0.499798711000125	0
ipv4.R	netmask	2020-03-13T23:51:39Z	macOS	0.0106169466734694	0.00903791536129488	0.005285859	0.00610503299999998	0.00732534500000004	0.00817641000000002	0.034932455	49	7	0.520230387000001	5252696
ipv4.R	hostmask	2020-03-13T23:51:39Z	macOS	0.0107298315106383	0.00918947378231074	0.00545902500000001	0.00696839900000001	0.007448758	0.00780837350000002	0.042516073	47	6	0.504302081000001	5252696
ipv4.R	minimum	2020-03-13T23:51:39Z	macOS	0.0366435893571429	0.0157847774153755	0.022298562	0.02421562525	0.0265075325	0.048377014	0.070052203	14	7	0.513010251	14873528
ipv4.R	maximum	2020-03-13T23:51:39Z	macOS	0.0419657870833334	0.0153040394276425	0.024488283	0.02768356375	0.040730415	0.0557259845	0.063391548	12	6	0.503589445	14693920
