ipv4.R	parse_address	2020-03-04T19:48:22Z	macOS	0.04214020325	0.0167791880814831	0.0272983	0.02858954225	0.033739455	0.0610837315	0.068470177	12	4	0.505682439	5245672
ipv4.R	parse_network	2020-03-04T19:48:22Z	macOS	0.0724769755714286	0.0236381701743688	0.053303663	0.0548927535	0.0631019	0.0852776915	0.110592376	7	2	0.507338829	6294296
ipv4.R	print_address	2020-03-04T19:48:22Z	macOS	0.168248583	0.030063009551809	0.148993436	0.150927658	0.15286188	0.1778761565	0.202890433	3	0	0.504745749	2109768
ipv4.R	print_network	2020-03-04T19:48:22Z	macOS	0.296151265	0.0967241961464889	0.22775693	0.2619540975	0.296151265	0.3303484325	0.3645456	2	1	0.59230253	2107360
ipv4.R	is_within	2020-03-04T19:48:22Z	macOS	0.00893650385714288	0.00416002524183562	0.00760398700000001	0.00777771425000003	0.00814492450000001	0.00886905500000001	0.03895773	56	1	0.500444216000001	1106888
ipv4.R	is_within_any	2020-03-04T19:48:22Z	macOS	0.00911336216363635	0.00607762886371295	0.007313123	0.00774278749999999	0.00791774699999997	0.0085993615	0.052985843	55	1	0.501234919	1059960
ipv4.R	is_subnet	2020-03-04T19:48:22Z	macOS	0.00921707281818184	0.00540104393783565	0.00725325300000002	0.00794255300000002	0.00836750000000003	0.00889497750000001	0.048190976	55	1	0.506939005000001	1061768
ipv4.R	is_supernet	2020-03-04T19:48:22Z	macOS	0.00893861133928573	0.00437884346646491	0.00747114700000001	0.00792455400000001	0.00839887850000001	0.00882767375000002	0.040927539	56	1	0.500562235000001	1059272
ipv4.R	prefix_length	2020-03-04T19:48:22Z	macOS	6.79826418174315e-05	0.000710226453543041	4.05799999999845e-05	4.33104999999906e-05	4.43709999999875e-05	5.88609999999934e-05	0.032543379	7351	4	0.499740399999939	6744
ipv4.R	netmask	2020-03-04T19:48:22Z	macOS	0.0158681883125	0.00886794165105944	0.010604904	0.01241976875	0.013195645	0.01399799875	0.043191807	32	3	0.507782026	5256112
ipv4.R	hostmask	2020-03-04T19:48:22Z	macOS	0.0165561742580645	0.00937439938905101	0.01160638	0.012536784	0.013718368	0.01446464	0.046715918	31	3	0.513241402	5256128
ipv4.R	minimum	2020-03-04T19:48:22Z	macOS	0.0473284702727273	0.0195810804608117	0.024560858	0.0284425305	0.056687138	0.064428082	0.071565015	11	6	0.520613173	14896560
ipv4.R	maximum	2020-03-04T19:48:22Z	macOS	0.0444761270833334	0.0194429598415005	0.023684651	0.0259556035	0.0425873885	0.061026879	0.073655578	12	6	0.533713525	14693920
