ipv4.R	parse_address	2020-03-08T18:25:23Z	macOS	0.0385258020769231	0.0152342973366126	0.0258210290000001	0.026545389	0.02867534	0.052759507	0.068463066	13	5	0.500835427	5251032
ipv4.R	parse_network	2020-03-08T18:25:23Z	macOS	0.0744881377142857	0.0358157790115779	0.05452784	0.055249808	0.055540968	0.075266153	0.150316234	7	2	0.521416964	6294296
ipv4.R	print_address	2020-03-08T18:25:23Z	macOS	0.1465315675	0.0111668950462406	0.138941092	0.13988964475	0.1421091095	0.14875103225	0.162966959	4	1	0.58612627	2099752
ipv4.R	print_network	2020-03-08T18:25:23Z	macOS	0.200022791333333	0.00690843372224851	0.192857225	0.196713387	0.200569549	0.2036055745	0.2066416	3	0	0.600068374	2107408
ipv4.R	is_within	2020-03-08T18:25:23Z	macOS	0.00752978023880599	0.00412198173431007	0.00621956699999998	0.0066354505	0.00675978300000002	0.0070053035	0.030998756	67	2	0.504495276000001	1061832
ipv4.R	is_within_any	2020-03-08T18:25:23Z	macOS	0.00947149575471694	0.00495590030076177	0.00739002799999994	0.00795021699999998	0.00832980999999994	0.00882514299999998	0.03410842	53	2	0.501989274999998	1059992
ipv4.R	is_subnet	2020-03-08T18:25:23Z	macOS	0.0123249547317073	0.00811985697353342	0.00784535099999994	0.00854935499999998	0.00927622	0.010205375	0.035165728	41	5	0.505323143999999	3171776
ipv4.R	is_supernet	2020-03-08T18:25:23Z	macOS	0.0115201553181818	0.0079437283950099	0.00774551899999992	0.00836002649999992	0.00913645699999999	0.00940875624999996	0.037548633	44	4	0.506886833999998	3159080
ipv4.R	prefix_length	2020-03-08T18:25:23Z	macOS	5.64109203070493e-05	0.000547628262801395	3.68910000000389e-05	4.02650000000115e-05	4.14910000000601e-05	4.30885000000103e-05	0.024385078	8859	5	0.499744343000149	0
ipv4.R	netmask	2020-03-08T18:25:23Z	macOS	0.0116623293953489	0.0103842435049057	0.00501773400000005	0.0054839045	0.00694802100000003	0.00752188900000003	0.037580732	43	9	0.501480164000001	5252688
ipv4.R	hostmask	2020-03-08T18:25:23Z	macOS	0.0106911556808511	0.00890141565484708	0.00510802100000002	0.00646976550000003	0.00716737499999998	0.00744213300000002	0.032133717	47	8	0.502484317000001	5252696
ipv4.R	minimum	2020-03-08T18:25:23Z	macOS	0.0434329554166667	0.024926619839361	0.021772536	0.02373236975	0.047647045	0.048908951	0.110874676	12	7	0.521195465	14875968
ipv4.R	maximum	2020-03-08T18:25:23Z	macOS	0.0345725842	0.0129099926750661	0.0215590409999999	0.022952354	0.02400203	0.047928059	0.049251892	15	7	0.518588763	14693920

ipv6.R	parse_address	2020-03-08T18:25:32Z	macOS	0.0549972942	0.0105278105600777	0.049449503	0.05078970175	0.051720907	0.053300561	0.084669536	10	1	0.549972942	5245672
ipv6.R	parse_network	2020-03-08T18:25:32Z	macOS	0.1050790284	0.0169989381441921	0.094327411	0.096603477	0.098725257	0.100536572	0.135202425	5	1	0.525395142	6294296
ipv6.R	print_address	2020-03-08T18:25:32Z	macOS	0.121025929	0.00330675002141081	0.1170449	0.118495265	0.121243191	0.123270815	0.125075474	5	0	0.605129645	2099752
ipv6.R	print_network	2020-03-08T18:25:32Z	macOS	0.182652107333333	0.00837685188551143	0.173044253	0.179765763	0.186487273	0.1874560345	0.188424796	3	0	0.547956322	2099752
ipv6.R	is_within	2020-03-08T18:25:32Z	macOS	0.0180515287857143	0.00642518983415868	0.015703026	0.0163318625	0.0167194485	0.01726111075	0.050615122	28	1	0.505442806	1051176
ipv6.R	is_within_any	2020-03-08T18:25:32Z	macOS	0.0364711205	0.000609640661393348	0.03500183	0.03617128975	0.036430853	0.03676394575	0.037373788	14	0	0.510595687	1051176
ipv6.R	is_subnet	2020-03-08T18:25:32Z	macOS	0.02150795825	0.0105898812988068	0.0166365590000001	0.01808908225	0.0184107855000001	0.0188377560000001	0.0603759600000001	24	2	0.516190998000001	3148424
ipv6.R	is_supernet	2020-03-08T18:25:32Z	macOS	0.0211189014583333	0.00909675005504973	0.016333404	0.017934255	0.0183119935	0.01946274675	0.050854133	24	2	0.506853635	3148424
ipv6.R	prefix_length	2020-03-08T18:25:32Z	macOS	6.18855976001594e-05	0.000810907685834245	3.73269999999759e-05	4.11229999999624e-05	4.2160999999985e-05	4.38569999999389e-05	0.059906277	8084	5	0.500283170999688	0
ipv6.R	netmask	2020-03-08T18:25:32Z	macOS	0.0150055973055556	0.00932477634695694	0.010237939	0.01201733225	0.0123717015	0.01274007275	0.045810488	36	3	0.540201503000001	5245672
ipv6.R	hostmask	2020-03-08T18:25:32Z	macOS	0.01583110271875	0.00942849325587123	0.011055952	0.0127125545	0.013094825	0.0133522885	0.044766738	32	3	0.506595287	5245672
ipv6.R	minimum	2020-03-08T18:25:32Z	macOS	0.0431716529166667	0.0162101652439662	0.029021294	0.0301641805	0.031163974	0.06051785675	0.063415266	12	5	0.518059835	14683296
ipv6.R	maximum	2020-03-08T18:25:32Z	macOS	0.0503866876	0.032919109401568	0.029105644	0.031065538	0.0321078805	0.06095288425	0.134573496	10	4	0.503866876	14683296
