ipv4.R	parse_address	2020-02-29T03:01:59Z	macOS	0.0335818039333334	0.0122708412072218	0.025159676	0.0259325610000001	0.026983451	0.0399671935	0.054352669	15	4	0.503727059	5245672
ipv4.R	parse_network	2020-02-29T03:01:59Z	macOS	0.0725855670000001	0.0324306990383155	0.05105698	0.0518210120000001	0.0550828880000001	0.0789930975000001	0.140330882	7	3	0.508098969000001	6294296
ipv4.R	print_address	2020-02-29T03:01:59Z	macOS	0.1457823375	0.00141353296458686	0.143686133	0.14558529575	0.146352218	0.14654925975	0.146738781	4	0	0.58312935	2109768
ipv4.R	print_network	2020-02-29T03:01:59Z	macOS	0.190964849	0.00148664724844564	0.189838214	0.190122356	0.190406498	0.1915281665	0.192649835	3	0	0.572894547	2107360
ipv4.R	is_within	2020-02-29T03:01:59Z	macOS	0.00680924429729732	0.00337979768952286	0.00598190300000001	0.00627001849999997	0.00640286649999999	0.00647698050000003	0.035348099	74	1	0.503884078000001	1076544
ipv4.R	is_within_any	2020-02-29T03:01:59Z	macOS	0.00776685884615386	0.00505828250957027	0.0062729130000001	0.00670258300000004	0.00685842800000003	0.00697652100000001	0.035948065	65	2	0.504845825000001	1059960
ipv4.R	is_subnet	2020-02-29T03:01:59Z	macOS	0.00707304680281684	0.0033313028481326	0.00623468299999996	0.00655786549999993	0.00663124799999992	0.00675439599999994	0.0345794229999999	71	1	0.502186322999996	1070464
ipv4.R	is_supernet	2020-02-29T03:01:59Z	macOS	0.00751790519402986	0.00488274188480363	0.00608821500000001	0.00655884250000005	0.00665369700000007	0.00673363650000003	0.0354071499999999	67	2	0.503699648000001	1059720
ipv4.R	prefix_length	2020-02-29T03:01:59Z	macOS	5.82984217219024e-05	0.000642187980472678	3.7314000000066e-05	4.03300000000328e-05	4.1375499999996e-05	4.26235000000053e-05	0.0276225369999999	8572	5	0.499734071000147	4344
ipv4.R	netmask	2020-02-29T03:01:59Z	macOS	0.0100792055294117	0.00886036504097381	0.00498770500000001	0.00682302949999991	0.00719715700000001	0.00732081750000002	0.034854541	51	6	0.514039481999998	5256112
ipv4.R	hostmask	2020-02-29T03:01:59Z	macOS	0.0103039254285714	0.00972693995825457	0.00494244599999993	0.00622556099999994	0.00671926300000003	0.006998948	0.0385570630000001	49	7	0.504892346	5256128
ipv4.R	minimum	2020-02-29T03:01:59Z	macOS	0.02530880285	0.0156904438692511	0.010175064	0.01114914575	0.0132438505	0.040215266	0.049749485	20	9	0.506176057	14896568
ipv4.R	maximum	2020-02-29T03:01:59Z	macOS	0.0307714972352941	0.0257372498886883	0.011204631	0.011606297	0.013273189	0.041016761	0.109183931	17	8	0.523115453	14693920
