ipv4.R	parse_address	2020-03-05T01:32:15Z	macOS	0.0326411670625	0.00886618362522711	0.026318191	0.027874387	0.029162799	0.03177000025	0.056311344	16	2	0.522258673	5253968
ipv4.R	parse_network	2020-03-05T01:32:15Z	macOS	0.0844962166666667	0.017683165347103	0.058727767	0.07470726825	0.084515494	0.09787166075	0.105456969	6	3	0.5069773	6294296
ipv4.R	print_address	2020-03-05T01:32:15Z	macOS	0.1534125335	0.0163814888693484	0.13997192	0.14033463425	0.149857352	0.16293525125	0.17396351	4	0	0.613650134	2099752
ipv4.R	print_network	2020-03-05T01:32:15Z	macOS	0.222708446333333	0.0120890083522415	0.212007801	0.2161517175	0.220295634	0.228058769	0.235821904	3	0	0.668125339	2107360
ipv4.R	is_within	2020-03-05T01:32:15Z	macOS	0.00969253663461541	0.00619710254178873	0.00711456000000005	0.0077226435	0.00854002149999999	0.00927363900000004	0.042681906	52	2	0.504011905000001	1061792
ipv4.R	is_within_any	2020-03-05T01:32:15Z	macOS	0.0120272606904762	0.00440459480383839	0.00993934699999999	0.01033817525	0.0106654925	0.01263559275	0.038447467	42	1	0.505144949000001	1059960
ipv4.R	is_subnet	2020-03-05T01:32:15Z	macOS	0.0138886907567568	0.00900227490428377	0.008600145	0.00936950000000003	0.010220881	0.012274518	0.037455249	37	5	0.513881558	3171744
ipv4.R	is_supernet	2020-03-05T01:32:15Z	macOS	0.0130268758461539	0.0088152918476413	0.00850202500000002	0.00908898400000002	0.00999280699999999	0.011599755	0.039756212	39	4	0.508048158	3159056
ipv4.R	prefix_length	2020-03-05T01:32:15Z	macOS	6.08899278828876e-05	0.00061590081879171	3.95229999999858e-05	4.22064999999749e-05	4.28909999999894e-05	4.86534999999677e-05	0.030744778	8403	5	0.511658063999905	0
ipv4.R	netmask	2020-03-05T01:32:15Z	macOS	0.0113944838636364	0.00978117040744819	0.00501744899999995	0.00664716549999997	0.00727471549999997	0.00774212724999998	0.04140447	44	8	0.501357289999999	5255648
ipv4.R	hostmask	2020-03-05T01:32:15Z	macOS	0.01258735725	0.0181215386074786	0.00523428599999998	0.00678369375000001	0.007160424	0.00854686574999998	0.113656106	40	6	0.503494289999999	5255656
ipv4.R	minimum	2020-03-05T01:32:15Z	macOS	0.0368847745	0.0143120708006941	0.023273994	0.02462091325	0.0293306235	0.0493650645	0.059767734	14	6	0.516386843	14875928
ipv4.R	maximum	2020-03-05T01:32:15Z	macOS	0.0434345751538461	0.017346544456673	0.022415214	0.0282175789999999	0.046998786	0.057340173	0.067578022	13	7	0.564649476999999	14693920

ipv6.R	parse_address	2020-03-05T01:32:24Z	macOS	0.06345225925	0.0191780404594431	0.052328227	0.0541383412500001	0.055581418	0.06194130575	0.109721221	8	1	0.507618074	5245672
ipv6.R	parse_network	2020-03-05T01:32:24Z	macOS	0.1093585036	0.0153112026521306	0.097628934	0.099531153	0.10356917	0.110863087	0.135200174	5	1	0.546792518	6294296
ipv6.R	print_address	2020-03-05T01:32:24Z	macOS	0.141381999	0.0133997941164378	0.122174243	0.13757440625	0.1455100535	0.14931764625	0.152333646	4	0	0.565527996	2099752
ipv6.R	print_network	2020-03-05T01:32:24Z	macOS	0.186435974	0.00824852613775472	0.176934255	0.183774981	0.190615707	0.1911868335	0.19175796	3	0	0.559307922	2099752
ipv6.R	is_within	2020-03-05T01:32:24Z	macOS	0.0176393343793104	0.00596381075479246	0.014351455	0.014926597	0.015201928	0.019024628	0.046502848	29	1	0.511540697	1051176
ipv6.R	is_within_any	2020-03-05T01:32:24Z	macOS	0.0359973260714286	0.00163796990649675	0.034468792	0.0352575665	0.035395127	0.03586889675	0.040819098	14	0	0.503962565	1051176
ipv6.R	is_subnet	2020-03-05T01:32:24Z	macOS	0.02048885716	0.00945418526710504	0.016263188	0.017191824	0.017748457	0.018515463	0.053621049	25	2	0.512221429	3148424
ipv6.R	is_supernet	2020-03-05T01:32:24Z	macOS	0.02029117068	0.00965209026034679	0.015703143	0.0167523239999999	0.017496364	0.0185681249999999	0.054758141	25	2	0.507279266999999	3148424
ipv6.R	prefix_length	2020-03-05T01:32:24Z	macOS	6.76208574060281e-05	0.000928159561416475	3.8448999999996e-05	4.17379999999579e-05	4.25105000000092e-05	4.40667499999881e-05	0.055771092	8142	5	0.550569020999881	0
ipv6.R	netmask	2020-03-05T01:32:24Z	macOS	0.0145752682285714	0.00857672411980035	0.010453202	0.0121703595	0.012465088	0.0132277715	0.052070816	35	2	0.510134388	5245672
ipv6.R	hostmask	2020-03-05T01:32:24Z	macOS	0.0190601223703704	0.0104749437164669	0.013744781	0.0152782475	0.01540272	0.0159480315	0.049041427	27	3	0.514623304	5245672
ipv6.R	minimum	2020-03-05T01:32:24Z	macOS	0.0510030929	0.0318778815867131	0.029662401	0.031563248	0.0325545595	0.06320072425	0.130501124	10	4	0.510030929	14683296
ipv6.R	maximum	2020-03-05T01:32:24Z	macOS	0.0475756283636363	0.0186082005410414	0.028533055	0.031062934	0.035856965	0.06565149	0.072064169	11	5	0.523331912	14683296
