ipv4.R	parse_address	2020-03-12T00:40:21Z	macOS	0.0346841364666667	0.0119601603061327	0.025170787	0.0262276345	0.026986684	0.049590501	0.053167361	15	5	0.520262047	5251032
ipv4.R	parse_network	2020-03-12T00:40:21Z	macOS	0.0717742555714286	0.0314655863917072	0.055153725	0.057002877	0.057642735	0.0671904895	0.141236596	7	2	0.502419789	6294296
ipv4.R	print_address	2020-03-12T00:40:21Z	macOS	0.132365973	0.00240042444880137	0.12998408	0.13051487675	0.132272703	0.13412379925	0.134934406	4	0	0.529463892	2099752
ipv4.R	print_network	2020-03-12T00:40:21Z	macOS	0.184465457666667	0.00698869568901709	0.17666804	0.181615815	0.18656359	0.1883641665	0.190164743	3	0	0.553396373	2107416
ipv4.R	is_within	2020-03-12T00:40:21Z	macOS	0.00787067639062502	0.00519480484197799	0.00614814800000002	0.00641129400000003	0.00657229100000002	0.00688539425	0.032204684	64	3	0.503723289000001	1065000
ipv4.R	is_within_any	2020-03-12T00:40:21Z	macOS	0.00872527712068968	0.00439633218225693	0.00726148700000004	0.00746045050000003	0.00780637050000002	0.00825081300000002	0.032374974	58	2	0.506066073000001	1059088
ipv4.R	is_subnet	2020-03-12T00:40:21Z	macOS	0.012560752875	0.00893109185127955	0.00743667300000003	0.00793248375000002	0.00864131750000001	0.0116466905	0.034831498	40	6	0.502430115000001	3172536
ipv4.R	is_supernet	2020-03-12T00:40:21Z	macOS	0.0111380861111111	0.00725843832270393	0.007692485	0.00823268999999999	0.00885465899999999	0.00912027499999998	0.035182766	45	4	0.501213874999999	3159832
ipv4.R	prefix_length	2020-03-12T00:40:21Z	macOS	6.17737979858384e-05	0.000616652937314352	3.87089999999701e-05	4.2465999999991e-05	4.33859999999786e-05	5.03499999999768e-05	0.027145962	8341	5	0.515255248999878	0
ipv4.R	netmask	2020-03-12T00:40:21Z	macOS	0.0119936866511628	0.010430173335705	0.00505553500000003	0.00655211450000003	0.00725150300000002	0.00750586850000003	0.036190109	43	9	0.515728526000001	5252696
ipv4.R	hostmask	2020-03-12T00:40:21Z	macOS	0.0112992062608696	0.00915112766012326	0.00503867100000002	0.006529445	0.00724369650000002	0.00760773700000003	0.030567495	46	9	0.519763488000001	5252696
ipv4.R	minimum	2020-03-12T00:40:21Z	macOS	0.04159779	0.0297798098752281	0.02099748	0.024221283	0.027755619	0.047732474	0.133192635	13	7	0.54077127	14873528
ipv4.R	maximum	2020-03-12T00:40:21Z	macOS	0.0371368475	0.0129361626980333	0.022005918	0.0232935675	0.046539191	0.04809912975	0.049297816	14	8	0.519915865	14693920
