ipv4.R	parse_address	2020-03-07T17:47:36Z	macOS	0.0347267201999999	0.0117058332222693	0.0261408059999999	0.0264554205	0.026847274	0.0498554634999999	0.0524197069999999	15	5	0.520900802999999	5251032
ipv4.R	parse_network	2020-03-07T17:47:36Z	macOS	0.0681266687499999	0.0286740594675023	0.0544546709999999	0.0549405229999999	0.0564436979999999	0.0611264704999999	0.137325121	8	2	0.54501335	6294296
ipv4.R	print_address	2020-03-07T17:47:36Z	macOS	0.12773663075	0.000687456400727326	0.12707096	0.12724791275	0.1276414865	0.1281302045	0.12859259	4	0	0.510946523	2099752
ipv4.R	print_network	2020-03-07T17:47:36Z	macOS	0.183973904666667	0.00303028734763859	0.181835098	0.1822400605	0.182645023	0.185043308	0.187441593	3	0	0.551921714	2107408
ipv4.R	is_within	2020-03-07T17:47:36Z	macOS	0.00742751133823528	0.00479954299250917	0.006031495	0.00624914350000005	0.00638429099999999	0.00652149450000003	0.030009356	68	3	0.505070770999999	1061832
ipv4.R	is_within_any	2020-03-07T17:47:36Z	macOS	0.00874042148275864	0.00521614237795859	0.00701355100000012	0.00731511875000004	0.00749839700000005	0.00772789149999994	0.031188236	58	3	0.506944446000001	1059992
ipv4.R	is_subnet	2020-03-07T17:47:36Z	macOS	0.0116932308372093	0.0080575681182792	0.00731303299999997	0.00807207200000004	0.00899773200000009	0.009384328	0.0351305980000001	43	5	0.502808926	3171776
ipv4.R	is_supernet	2020-03-07T17:47:36Z	macOS	0.0112171996	0.00704349586905811	0.00774580199999997	0.00852355400000004	0.00908017900000002	0.00931458099999993	0.033923791	45	4	0.504773982	3159080
ipv4.R	prefix_length	2020-03-07T17:47:36Z	macOS	5.59663652144869e-05	0.000538290534632673	3.73760000000889e-05	4.07439999999815e-05	4.16190000001038e-05	4.27100000000014e-05	0.0242990160000001	8929	5	0.499723675000153	0
ipv4.R	netmask	2020-03-07T17:47:36Z	macOS	0.0114639564318181	0.00989638723716539	0.00500056599999987	0.00593423000000001	0.00712178549999998	0.00748904900000003	0.0362816149999999	44	9	0.504414082999999	5252688
ipv4.R	hostmask	2020-03-07T17:47:36Z	macOS	0.0114406220444445	0.00946678776334427	0.00510085999999998	0.00661600300000009	0.00726154000000001	0.007554697	0.0309307970000001	45	9	0.514827992000001	5252696
ipv4.R	minimum	2020-03-07T17:47:36Z	macOS	0.0416626712307692	0.0290316627631832	0.0222509230000001	0.025003251	0.0261788040000001	0.048645256	0.129947445	13	7	0.541614726	14875968
ipv4.R	maximum	2020-03-07T17:47:36Z	macOS	0.0385407884615385	0.0143149329304004	0.022150508	0.024351637	0.0475099920000001	0.0494787289999999	0.0559881760000001	13	7	0.50103025	14693920
