ipv4.R	parse_address	2020-03-08T19:05:21Z	macOS	0.0397631483846154	0.0144809132742045	0.026405553	0.027702189	0.028863237	0.05603851	0.061985842	13	5	0.516920929	5251032
ipv4.R	parse_network	2020-03-08T19:05:21Z	macOS	0.072770624	0.0317280743435621	0.0518050290000001	0.0532449235	0.057158484	0.0768253165	0.140290375	7	2	0.509394368	6294296
ipv4.R	print_address	2020-03-08T19:05:21Z	macOS	0.14936696575	0.019050053346008	0.135393726	0.1377669525	0.1424968495	0.15409686275	0.177080438	4	1	0.597467863	2099752
ipv4.R	print_network	2020-03-08T19:05:21Z	macOS	0.200473278	0.00803552365931388	0.19131511	0.1975384435	0.203761777	0.205052362	0.206342947	3	0	0.601419834	2107408
ipv4.R	is_within	2020-03-08T19:05:21Z	macOS	0.00785307212500001	0.00442193955622478	0.00637648400000002	0.00677980050000003	0.00695101850000004	0.00718042825000004	0.032430242	64	2	0.502596616000001	1061832
ipv4.R	is_within_any	2020-03-08T19:05:21Z	macOS	0.00914274863636365	0.004802606595405	0.00745205600000004	0.00796550500000001	0.00815439499999998	0.00850875850000002	0.035061315	55	2	0.502851175000001	1059992
ipv4.R	is_subnet	2020-03-08T19:05:21Z	macOS	0.0127267718048781	0.00871380091574149	0.00775135199999999	0.00878538900000003	0.00951642200000002	0.010290807	0.03818277	41	5	0.521797644000001	3171776
ipv4.R	is_supernet	2020-03-08T19:05:21Z	macOS	0.01251628695	0.00876036010722927	0.00809429699999997	0.00907281275000001	0.00990992149999997	0.011406797	0.046831474	40	3	0.500651478000001	3159080
ipv4.R	prefix_length	2020-03-08T19:05:21Z	macOS	6.53831633961444e-05	0.000641280080082233	4.0865000000001e-05	4.32260000000073e-05	4.42080000000455e-05	5.18079999999865e-05	0.0271336930000001	7644	5	0.499788901000128	0
ipv4.R	netmask	2020-03-08T19:05:21Z	macOS	0.0111961574222222	0.00930422007479457	0.00502276700000004	0.00658033099999999	0.00733168500000003	0.00799549999999999	0.032673054	45	8	0.503827084000001	5252688
ipv4.R	hostmask	2020-03-08T19:05:21Z	macOS	0.0129308526666667	0.0109867690298561	0.00592579500000001	0.00691668249999999	0.00772445999999999	0.00926664099999999	0.043139153	39	8	0.504303254	5252696
ipv4.R	minimum	2020-03-08T19:05:21Z	macOS	0.0496372156363637	0.0306612396951448	0.0259051730000001	0.028481892	0.0474116820000001	0.0578568350000001	0.132027141	11	6	0.546009372000001	14875968
ipv4.R	maximum	2020-03-08T19:05:21Z	macOS	0.0402942193076923	0.0154958439849791	0.022861155	0.027027369	0.031105927	0.052833856	0.065305591	13	6	0.523824851	14693920

ipv6.R	parse_address	2020-03-08T19:05:30Z	macOS	0.060521635	0.012504643872399	0.054382462	0.05519417	0.055780538	0.056649199	0.0930396490000001	9	1	0.544694715	5245672
ipv6.R	parse_network	2020-03-08T19:05:30Z	macOS	0.1061691936	0.0131200324176885	0.0984658470000001	0.099243717	0.101490815	0.102166917	0.129478672	5	1	0.530845968	6294296
ipv6.R	print_address	2020-03-08T19:05:30Z	macOS	0.129402484	0.0042272734115759	0.12407979	0.126972357	0.1302625615	0.1326926885	0.133005023	4	0	0.517609936	2099752
ipv6.R	print_network	2020-03-08T19:05:30Z	macOS	0.183033062666667	0.00237496940867064	0.18056737	0.181896844	0.183226318	0.184265909	0.1853055	3	0	0.549099188	2099752
ipv6.R	is_within	2020-03-08T19:05:30Z	macOS	0.0180939876071429	0.00607260225848068	0.016193462	0.01652289875	0.016696035	0.01682670675	0.048612334	28	1	0.506631653	1051176
ipv6.R	is_within_any	2020-03-08T19:05:30Z	macOS	0.0400996346923077	0.0056423329424244	0.035963045	0.036108094	0.036603254	0.041969306	0.050118522	13	0	0.521295251	1051176
ipv6.R	is_subnet	2020-03-08T19:05:30Z	macOS	0.0224969233913044	0.0101212065793424	0.017197862	0.01856705	0.019209753	0.0209155935	0.055134447	23	2	0.517429238000001	3148424
ipv6.R	is_supernet	2020-03-08T19:05:30Z	macOS	0.0218331354782609	0.010071301241966	0.017061561	0.0183466415	0.018799533	0.019121774	0.053931902	23	2	0.502162116	3148424
ipv6.R	prefix_length	2020-03-08T19:05:30Z	macOS	6.92055534478145e-05	0.000931110843369584	4.01500000000166e-05	4.28512500000172e-05	4.37460000000112e-05	5.63365000000177e-05	0.0587519750000001	7222	4	0.499802507000116	0
ipv6.R	netmask	2020-03-08T19:05:30Z	macOS	0.0149810761764706	0.00812765377210922	0.010423964	0.0125202145	0.0126806505	0.01367861575	0.0478799130000001	34	2	0.509356590000001	5245672
ipv6.R	hostmask	2020-03-08T19:05:30Z	macOS	0.0181728097586207	0.0115346503635511	0.011947912	0.013445136	0.01367384	0.014771825	0.048005626	29	4	0.527011483	5245672
ipv6.R	minimum	2020-03-08T19:05:30Z	macOS	0.0424738036666666	0.0161791883264114	0.0300503089999999	0.03143186275	0.0322664305	0.06279310925	0.067208051	12	4	0.509685644	14683296
ipv6.R	maximum	2020-03-08T19:05:30Z	macOS	0.0493413638181818	0.0203487890277883	0.029824665	0.0320116545	0.033822526	0.0684609445	0.075628485	11	5	0.542755002	14683296
