ipv4.R	parse_address	2020-03-22T19:12:12Z	macOS	0.0395717560769231	0.0250726985044651	0.025914024	0.026314981	0.02724881	0.050970373	0.115162916	13	4	0.514432829	5250528
ipv4.R	parse_network	2020-03-22T19:12:12Z	macOS	0.0608481026666667	0.0111858408833637	0.05260685	0.054716992	0.056209186	0.057781751	0.08073677	9	2	0.547632924	6294296
ipv4.R	print_address	2020-03-22T19:12:12Z	macOS	0.1385660375	0.00881516793887314	0.13322892	0.133900317	0.134650222	0.1393159425	0.151734786	4	0	0.55426415	2099752
ipv4.R	print_network	2020-03-22T19:12:12Z	macOS	0.190323518	0.00123836449858792	0.189311484	0.1896330775	0.189954671	0.190829535	0.191704399	3	0	0.570970554	2107392
ipv4.R	is_within	2020-03-22T19:12:12Z	macOS	0.00749108320895524	0.00422031291333622	0.00626428099999998	0.00653841049999998	0.00669614600000001	0.00693532350000001	0.031760281	67	2	0.501902575000001	1066248
ipv4.R	is_within_any	2020-03-22T19:12:12Z	macOS	0.00890417940350879	0.00461776158017148	0.007457571	0.00792510500000004	0.00802915599999998	0.00816561300000002	0.033295487	57	2	0.507538226000001	1060792
ipv4.R	is_subnet	2020-03-22T19:12:12Z	macOS	0.0120419972380953	0.0083218738203854	0.00759488900000005	0.008167973	0.00904860000000002	0.01072523625	0.035202441	42	5	0.505763884	3275448
ipv4.R	is_supernet	2020-03-22T19:12:12Z	macOS	0.0121695011666667	0.00861164689801612	0.00757477900000003	0.00811272375000002	0.00914144650000001	0.00987587475000004	0.03728819	42	5	0.511119049000001	3161088
ipv4.R	prefix_length	2020-03-22T19:12:12Z	macOS	4.01590520001685e-06	3.7903568932425e-06	3.33900000004661e-06	3.75499999999418e-06	3.90000000000112e-06	4.06099999999965e-06	0.000351256000000022	10000	0	0.0401590520001684	0
ipv4.R	netmask	2020-03-22T19:12:12Z	macOS	0.0122099919756097	0.0158559506582331	0.00524918200000002	0.00599479299999994	0.00710833599999999	0.00739713399999997	0.095966219	41	7	0.500609671	5252176
ipv4.R	hostmask	2020-03-22T19:12:12Z	macOS	0.00980954933333335	0.00796855336287076	0.00531356700000002	0.00709902250000002	0.00722989800000001	0.00733460100000005	0.032568952	51	6	0.500287016000001	5252192
ipv4.R	minimum	2020-03-22T19:12:12Z	macOS	0.0364214254666667	0.013631678679864	0.023058081	0.0238360885	0.025554928	0.050025251	0.052352277	15	7	0.546321382	14873504
ipv4.R	maximum	2020-03-22T19:12:12Z	macOS	0.0362424468	0.0132729236961833	0.022813502	0.0240189825	0.026730823	0.0499574745	0.050350825	15	7	0.543636702	14693920

ipv6.R	parse_address	2020-03-22T19:12:20Z	macOS	0.0563213621111111	0.0112171443402846	0.051027122	0.052306892	0.052901892	0.053705849	0.086110069	9	1	0.506892259	5245672
ipv6.R	parse_network	2020-03-22T19:12:20Z	macOS	0.1028492674	0.0139000358875714	0.093935429	0.0954628830000001	0.096472675	0.101129174	0.127246176	5	1	0.514246337	6294296
ipv6.R	print_address	2020-03-22T19:12:20Z	macOS	0.1226565072	0.000312254282016591	0.122351686	0.122464799	0.12249635	0.122887193	0.123082508	5	0	0.613282536	2099752
ipv6.R	print_network	2020-03-22T19:12:20Z	macOS	0.177120764666667	0.00157196873232338	0.175453315	0.1763933405	0.177333366	0.1779544895	0.178575613	3	0	0.531362294	2099752
ipv6.R	is_within	2020-03-22T19:12:20Z	macOS	0.0175125216896552	0.00632435128536736	0.01577098	0.0161066069999999	0.016211394	0.016561054	0.050296617	29	1	0.507863129	1051176
ipv6.R	is_within_any	2020-03-22T19:12:20Z	macOS	0.0357172742857143	0.000397463737205233	0.035210492	0.03549544375	0.035626679	0.03572765175	0.036479779	14	0	0.50004184	1051176
ipv6.R	is_subnet	2020-03-22T19:12:20Z	macOS	0.0199161411538462	0.00715697848237928	0.017153046	0.0184357275	0.0185698075	0.0186933935	0.054818555	26	1	0.51781967	3148424
ipv6.R	is_supernet	2020-03-22T19:12:20Z	macOS	0.0212689215	0.00967330500574154	0.017299445	0.018040387	0.018608482	0.01874596575	0.052622685	24	2	0.510454116	3148424
ipv6.R	prefix_length	2020-03-22T19:12:20Z	macOS	3.95054289998862e-06	2.9551867812798e-06	3.30300000001005e-06	3.61899999995474e-06	3.74399999997221e-06	3.87599999995825e-06	0.000271689999999991	10000	0	0.0395054289998862	0
ipv6.R	netmask	2020-03-22T19:12:20Z	macOS	0.01598397140625	0.0104663117817789	0.010746645	0.01266411425	0.0128487165	0.0130358835	0.048987144	32	3	0.511487085	5245672
ipv6.R	hostmask	2020-03-22T19:12:20Z	macOS	0.0190701637142857	0.0117153728898958	0.0119711650000001	0.0138363022500001	0.014080292	0.015875261	0.048321953	28	4	0.533964584000001	5245672
ipv6.R	minimum	2020-03-22T19:12:20Z	macOS	0.0423315651666666	0.0189119880846105	0.029459455	0.0308625877499999	0.0332972965	0.0423660359999999	0.084243983	12	3	0.507978781999999	14683296
ipv6.R	maximum	2020-03-22T19:12:20Z	macOS	0.0526172546	0.0346536443938793	0.029486924	0.0320731785	0.0330101165	0.064140257	0.140183929	10	4	0.526172546	14683296
