ipv4.R	parse_address	2020-03-07T19:29:43Z	macOS	0.0418515615833333	0.0142130355450311	0.026241422	0.0305957695000001	0.038184832	0.05264046925	0.072344657	12	4	0.502218739	5251032
ipv4.R	parse_network	2020-03-07T19:29:43Z	macOS	0.0727825585714286	0.041308898694953	0.0517387189999999	0.0520534600000001	0.05323517	0.06877663	0.162843841	7	2	0.50947791	6294296
ipv4.R	print_address	2020-03-07T19:29:43Z	macOS	0.14537695525	0.0167288170380739	0.134289466	0.1369810375	0.138466514	0.14686243175	0.170285327	4	0	0.581507821	2099752
ipv4.R	print_network	2020-03-07T19:29:43Z	macOS	0.195951564333333	0.00839140735642663	0.186573034	0.1925524065	0.198531779	0.2006408295	0.20274988	3	0	0.587854693	2107408
ipv4.R	is_within	2020-03-07T19:29:43Z	macOS	0.00864428222413794	0.00567324723940744	0.00677951799999998	0.00685701424999996	0.00729744650000003	0.00832176499999995	0.043448189	58	2	0.501368369	1061832
ipv4.R	is_within_any	2020-03-07T19:29:43Z	macOS	0.00911934381818184	0.00462154960709224	0.00747449600000005	0.00791940050000001	0.00815044700000001	0.00845416150000006	0.0327000390000001	55	2	0.501563910000001	1059992
ipv4.R	is_subnet	2020-03-07T19:29:43Z	macOS	0.0136699492105264	0.0102198842264058	0.00772942100000007	0.00873795800000005	0.00978155900000011	0.0115914597500001	0.046405522	38	5	0.519458070000004	3171776
ipv4.R	is_supernet	2020-03-07T19:29:43Z	macOS	0.0116756163255814	0.00753152573186415	0.00784367500000005	0.00845337800000007	0.00939490300000001	0.00971778950000002	0.0353132330000001	43	4	0.502051502000002	3159080
ipv4.R	prefix_length	2020-03-07T19:29:43Z	macOS	6.08556088411151e-05	0.000588543616481874	3.90430000000164e-05	4.19912500000119e-05	4.29490000000143e-05	5.11844999999955e-05	0.0256916270000001	8370	5	0.509361446000133	0
ipv4.R	netmask	2020-03-07T19:29:43Z	macOS	0.0115008515227273	0.00956448561879446	0.00495697000000006	0.00687773075000006	0.0073174875	0.00797253875000001	0.035254296	44	8	0.506037467000001	5252688
ipv4.R	hostmask	2020-03-07T19:29:43Z	macOS	0.0119875027142857	0.0105364834286247	0.00514765100000003	0.00578296675000001	0.007136751	0.00791331850000004	0.035991984	42	9	0.503475114000001	5252696
ipv4.R	minimum	2020-03-07T19:29:43Z	macOS	0.0465056791818182	0.0323467998941491	0.0235609800000001	0.0243318620000001	0.046098298	0.0510344480000001	0.134675646	11	7	0.511562471	14875968
ipv4.R	maximum	2020-03-07T19:29:43Z	macOS	0.0382345754285715	0.0135461092443906	0.0221719720000001	0.0233096542500001	0.0475249275000001	0.0491360142500001	0.0541325330000001	14	8	0.535284056000001	14693920
