ipv4.R	parse_address	2020-03-04T19:36:56Z	macOS	0.0347006968	0.0131947633057542	0.026601053	0.026762486	0.026985431	0.0416444065	0.056655254	15	4	0.520510452	5245672
ipv4.R	parse_network	2020-03-04T19:36:56Z	macOS	0.0768403015714286	0.0372985777247538	0.052859094	0.0530785525	0.054005967	0.0853767055	0.154106534	7	3	0.537882111	6294296
ipv4.R	print_address	2020-03-04T19:36:56Z	macOS	0.1384631525	0.000234174646395228	0.138145015	0.1384080235	0.138499029	0.138554158	0.138709537	4	0	0.55385261	2109768
ipv4.R	print_network	2020-03-04T19:36:56Z	macOS	0.192613192	0.00630354242773213	0.186802189	0.189262493	0.191722797	0.1955186935	0.19931459	3	0	0.577839576	2107360
ipv4.R	is_within	2020-03-04T19:36:56Z	macOS	0.00810250695161292	0.00389127792369797	0.007292404	0.00748115250000001	0.00753887950000001	0.00767105900000001	0.038154925	62	1	0.502355431000001	1106888
ipv4.R	is_within_any	2020-03-04T19:36:56Z	macOS	0.00846313138333332	0.00540052082956684	0.00681906700000001	0.00721594699999999	0.00746668499999999	0.00770076774999999	0.037551236	60	2	0.507787882999999	1059960
ipv4.R	is_subnet	2020-03-04T19:36:56Z	macOS	0.00806777151612905	0.00381768610032732	0.00716214500000001	0.00743163625000002	0.007572068	0.00767392075000002	0.03746415	62	1	0.500201834000001	1061768
ipv4.R	is_supernet	2020-03-04T19:36:56Z	macOS	0.00808006269354838	0.0037562623230584	0.007080066	0.00748439624999999	0.00761275899999998	0.00770541575	0.037131265	62	1	0.500963886999999	1059272
ipv4.R	prefix_length	2020-03-04T19:36:56Z	macOS	6.12478727097565e-05	0.000695472160856712	3.77840000000129e-05	4.18497500000101e-05	4.31379999999981e-05	4.4296250000006e-05	0.030830765	8296	5	0.50811235200014	6744
ipv4.R	netmask	2020-03-04T19:36:56Z	macOS	0.0150228932058824	0.0084138448899997	0.010472263	0.01228245325	0.012446467	0.0130577095	0.041788142	34	3	0.510778369	5256112
ipv4.R	hostmask	2020-03-04T19:36:56Z	macOS	0.018749855	0.0124832555200694	0.010514265	0.0120975445	0.0125585965	0.01421399825	0.049019129	28	6	0.52499594	5256128
ipv4.R	minimum	2020-03-04T19:36:56Z	macOS	0.0339759373333333	0.0139326920760866	0.021402529	0.024364318	0.026056221	0.0523052865	0.053780446	15	5	0.50963906	14896560
ipv4.R	maximum	2020-03-04T19:36:56Z	macOS	0.0391252173076923	0.016161989777795	0.023142465	0.025012295	0.027080702	0.054138337	0.063297181	13	6	0.508627825	14693920
