ipv4.R	parse_address	2020-03-15T06:07:03Z	macOS	0.0372908697142857	0.0128078124950384	0.026495921	0.02711257325	0.0294996775	0.0527056510000001	0.05550944	14	5	0.522072176	5251032
ipv4.R	parse_network	2020-03-15T06:07:03Z	macOS	0.0741919018571428	0.0351974318135353	0.0522707979999999	0.052414904	0.054124789	0.0797490125	0.148619893	7	3	0.519343313	6294296
ipv4.R	print_address	2020-03-15T06:07:03Z	macOS	0.145861547	0.00906002234989679	0.137844248	0.14044173575	0.1435215685	0.14894137975	0.158558803	4	0	0.583446188	2099752
ipv4.R	print_network	2020-03-15T06:07:03Z	macOS	0.206130131666667	0.0246898803898775	0.191610471	0.1918762485	0.192142026	0.213389962	0.234637898	3	1	0.618390395	2107416
ipv4.R	is_within	2020-03-15T06:07:03Z	macOS	0.00772776810769233	0.00433492655252478	0.00637003400000002	0.00678088100000007	0.00687619799999994	0.00712289300000002	0.032550905	65	2	0.502304927000001	1065000
ipv4.R	is_within_any	2020-03-15T06:07:03Z	macOS	0.00931268753703697	0.00471966519022143	0.00752169199999997	0.00797441824999989	0.00841322949999995	0.00850247424999989	0.0338192009999999	54	2	0.502885126999996	1059088
ipv4.R	is_subnet	2020-03-15T06:07:03Z	macOS	0.0136053048372093	0.0152634902731041	0.00790166699999995	0.00842652399999999	0.0092239850000001	0.00976134549999996	0.099347238	43	5	0.585028108000001	3173512
ipv4.R	is_supernet	2020-03-15T06:07:03Z	macOS	0.0107411028085106	0.00606017402028005	0.00804680800000002	0.00919825349999998	0.00939734700000006	0.00966511649999996	0.0401584030000001	47	2	0.504831831999999	3159832
ipv4.R	prefix_length	2020-03-15T06:07:03Z	macOS	6.05168861710022e-05	0.000617527485787154	3.96929999999518e-05	4.2324000000038e-05	4.32135000000278e-05	4.43037500000021e-05	0.026968633	8258	5	0.499748446000136	0
ipv4.R	netmask	2020-03-15T06:07:03Z	macOS	0.0106229358571428	0.00898153227669999	0.00517345199999997	0.006553747	0.00730609599999998	0.00789723799999997	0.033515396	49	7	0.520523856999999	5252672
ipv4.R	hostmask	2020-03-15T06:07:03Z	macOS	0.0109894977391304	0.00973246099458501	0.00553199000000004	0.00696140174999993	0.00748202050000002	0.00789863399999993	0.040466074	46	6	0.505516895999999	5252680
ipv4.R	minimum	2020-03-15T06:07:03Z	macOS	0.0380732204285714	0.0140815742921502	0.022372083	0.024797245	0.0367401255	0.050401967	0.056379419	14	7	0.533025086	14873528
ipv4.R	maximum	2020-03-15T06:07:03Z	macOS	0.0374042134285714	0.0137498182612061	0.022344075	0.0242164577499999	0.0373540445	0.0504149217500001	0.053669525	14	7	0.523658988	14693920
