ipv4.R	parse_address	2020-03-15T03:00:04Z	macOS	0.0375908369285715	0.0117784830276217	0.0266754300000001	0.02755725625	0.0319835220000001	0.0505731217500002	0.0548686000000003	14	5	0.526271717000002	5251032
ipv4.R	parse_network	2020-03-15T03:00:04Z	macOS	0.0732935322857143	0.0317966072457926	0.0512935050000001	0.0540438274999999	0.0551731150000001	0.0793077660000001	0.139884919	7	3	0.513054726	6294296
ipv4.R	print_address	2020-03-15T03:00:04Z	macOS	0.13925024875	0.00243873697856509	0.136842526	0.13774486075	0.1388377925	0.1403431805	0.142482884	4	0	0.557000995	2099752
ipv4.R	print_network	2020-03-15T03:00:04Z	macOS	0.19841138	0.0117958985959206	0.188439478	0.191900815	0.195362152	0.203397331	0.21143251	3	1	0.59523414	2107416
ipv4.R	is_within	2020-03-15T03:00:04Z	macOS	0.00762766393939402	0.00425793726899058	0.00623182300000003	0.00662837875000011	0.00681684800000015	0.00708474025000017	0.0316021690000001	66	2	0.503425820000005	1065000
ipv4.R	is_within_any	2020-03-15T03:00:04Z	macOS	0.00948968052830198	0.00477851132949	0.00768008900000017	0.00806171200000017	0.00843691300000016	0.00890374699999996	0.0341024110000001	53	2	0.502953068000005	1059088
ipv4.R	is_subnet	2020-03-15T03:00:04Z	macOS	0.013358337255814	0.0146740247812213	0.00772695700000003	0.00833279400000009	0.00914794399999996	0.0095624835	0.0952787479999999	43	5	0.574408502000001	3173512
ipv4.R	is_supernet	2020-03-15T03:00:04Z	macOS	0.0107264610851064	0.00556142535745842	0.00800439999999991	0.00910960750000001	0.00926065899999995	0.00976644049999997	0.036901538	47	2	0.504143671000001	3159832
ipv4.R	prefix_length	2020-03-15T03:00:04Z	macOS	6.1533768399031e-05	0.000605500117920214	3.97549999999747e-05	4.23830000000347e-05	4.31029999998778e-05	4.46140000001094e-05	0.027655904	8139	5	0.500823340999714	0
ipv4.R	netmask	2020-03-15T03:00:04Z	macOS	0.0106021702244899	0.00893284805540403	0.00530735199999999	0.00655804199999999	0.00736248900000014	0.00784837100000013	0.0337076570000001	49	7	0.519506341000005	5252696
ipv4.R	hostmask	2020-03-15T03:00:04Z	macOS	0.0107938832291667	0.00906203872330449	0.00545798800000008	0.00694526724999989	0.00747548699999989	0.00766589249999988	0.038099326	48	7	0.518106395	5252696
ipv4.R	minimum	2020-03-15T03:00:04Z	macOS	0.0382772934285714	0.0145926414188184	0.0228153440000001	0.0244882539999999	0.0375579375	0.05055060525	0.0565836830000002	14	7	0.535882108	14873528
ipv4.R	maximum	2020-03-15T03:00:04Z	macOS	0.0368860647333333	0.0137500198202645	0.0225977449999999	0.0242037495	0.026756679	0.0496442125000001	0.0573706730000001	15	7	0.553290971	14693920

ipv6.R	parse_address	2020-03-15T03:00:13Z	macOS	0.0586642335555556	0.0105741812472491	0.0516387920000001	0.0539474769999999	0.0555589830000001	0.0575418989999998	0.0861077649999999	9	1	0.527978102	5245672
ipv6.R	parse_network	2020-03-15T03:00:13Z	macOS	0.1097524298	0.0142456968265447	0.099445432	0.0996005659999999	0.104171522	0.111995403	0.133549226	5	1	0.548762149	6294296
ipv6.R	print_address	2020-03-15T03:00:13Z	macOS	0.12660314425	0.00175466248563976	0.124090685	0.1261376585	0.1271115025	0.12757698825	0.128098887	4	0	0.506412577	2099752
ipv6.R	print_network	2020-03-15T03:00:13Z	macOS	0.182500527	0.00456708838122291	0.178218746	0.1800970345	0.181975323	0.1846414175	0.187307512	3	0	0.547501581	2099752
ipv6.R	is_within	2020-03-15T03:00:13Z	macOS	0.0172129779666667	0.0057540737762126	0.0155873529999999	0.0158544275000002	0.0159720600000002	0.0164490905	0.0475599310000001	30	1	0.516389339000001	1051176
ipv6.R	is_within_any	2020-03-15T03:00:13Z	macOS	0.0369752887857142	0.00304757456282383	0.0344190599999998	0.0353445379999999	0.0360757249999999	0.0366541374999999	0.0459727219999999	14	0	0.517654042999999	1051176
ipv6.R	is_subnet	2020-03-15T03:00:13Z	macOS	0.0215436417916667	0.00919353029978822	0.017211366	0.0183177662500001	0.0186266575	0.0198403545000001	0.0513022120000002	24	2	0.517047403000001	3148424
ipv6.R	is_supernet	2020-03-15T03:00:13Z	macOS	0.0196078036923077	0.00646191765994834	0.0168701310000001	0.01801992825	0.0182536280000002	0.0185390125000001	0.050877555	26	1	0.509802896000001	3148424
ipv6.R	prefix_length	2020-03-15T03:00:13Z	macOS	7.56741507948705e-05	0.00150384939031049	3.95650000000192e-05	4.21569999999871e-05	4.29419999998792e-05	4.88230000001977e-05	0.111721699	6605	4	0.499827766000119	0
ipv6.R	netmask	2020-03-15T03:00:13Z	macOS	0.0151331681111112	0.00916669434986826	0.0101856290000002	0.01219129525	0.0123420935	0.0128382165	0.045941663	36	3	0.544794052000003	5245672
ipv6.R	hostmask	2020-03-15T03:00:13Z	macOS	0.0165193148709679	0.00990008055247149	0.0113606720000001	0.0130896810000001	0.0134640350000002	0.0138702555000002	0.0487596260000001	31	3	0.512098761000003	5245672
ipv6.R	minimum	2020-03-15T03:00:13Z	macOS	0.0437887774999999	0.0166878615688576	0.0289108429999998	0.030393689	0.0317135369999999	0.0607887384999999	0.0656701739999999	12	5	0.525465329999999	14683296
ipv6.R	maximum	2020-03-15T03:00:13Z	macOS	0.0465656490909089	0.0178217779878858	0.0288008869999998	0.0318132989999999	0.0324250629999998	0.0640805099999999	0.0682809339999999	11	5	0.512222139999998	14683296
