ipv4.R	parse_address	2020-03-10T02:04:14Z	macOS	0.0343158204666667	0.0117431028730901	0.025866174	0.026044386	0.026332039	0.0495834835	0.051906727	15	5	0.514737307	5251024
ipv4.R	parse_network	2020-03-10T02:04:14Z	macOS	0.066162704625	0.0309631662858366	0.051358045	0.05146730525	0.0533832985	0.0592457915	0.140699242	8	2	0.529301637	6294296
ipv4.R	print_address	2020-03-10T02:04:14Z	macOS	0.131825469	0.00126057541544091	0.130713469	0.13079313475	0.131666107	0.13269844125	0.133256193	4	0	0.527301876	2099752
ipv4.R	print_network	2020-03-10T02:04:14Z	macOS	0.189396507	0.0028440667439051	0.186115554	0.1885145715	0.190913589	0.1910369835	0.191160378	3	0	0.568189521	2107408
ipv4.R	is_within	2020-03-10T02:04:14Z	macOS	0.00785090573437496	0.00498037599557151	0.00630598899999996	0.00651236974999994	0.00675999599999996	0.00690438649999997	0.030284057	64	3	0.502457966999998	1061832
ipv4.R	is_within_any	2020-03-10T02:04:14Z	macOS	0.00934717114545456	0.00557466782588142	0.00746384700000002	0.00764566249999998	0.008001604	0.00819734100000005	0.034609363	55	3	0.514094413000001	1059992
ipv4.R	is_subnet	2020-03-10T02:04:14Z	macOS	0.011978243	0.00804106635296239	0.00774801799999997	0.00827620774999996	0.00861496349999996	0.0103259144999999	0.034745578	42	5	0.503086205999999	3171768
ipv4.R	is_supernet	2020-03-10T02:04:14Z	macOS	0.0112591602444445	0.00708797853044823	0.00797826500000004	0.00843301900000004	0.00922880800000003	0.00931990600000004	0.0341710610000001	45	4	0.506662211000001	3159080
ipv4.R	prefix_length	2020-03-10T02:04:14Z	macOS	5.82180976235025e-05	0.000562712587189763	3.98850000000173e-05	4.2117749999987e-05	4.26775000000323e-05	4.34810000000119e-05	0.024902027	8584	5	0.499744150000146	0
ipv4.R	netmask	2020-03-10T02:04:14Z	macOS	0.0111345122	0.00951640856864053	0.00488173400000003	0.00558396799999999	0.00704144800000006	0.00741951900000004	0.034108587	45	9	0.501053049000001	5252680
ipv4.R	hostmask	2020-03-10T02:04:14Z	macOS	0.011524170659091	0.00936727693817248	0.00515572100000006	0.00665324625000001	0.00739697550000004	0.00765497150000005	0.0314916750000001	44	9	0.507063509000002	5252688
ipv4.R	minimum	2020-03-10T02:04:14Z	macOS	0.0417430932307693	0.0292638120938912	0.0216511150000001	0.024052399	0.025909135	0.0489655840000001	0.130797256	13	7	0.542660212	14875944
ipv4.R	maximum	2020-03-10T02:04:14Z	macOS	0.0380052434285714	0.0129091279875893	0.022595983	0.0241201715	0.0474238575	0.0489783575	0.050325343	14	8	0.532073408	14693920
