ipv4.R	parse_address	2020-02-28T01:23:14Z	macOS	0.034238028	0.0131683356868364	0.024981809	0.02549119575	0.0258981975000001	0.05259848	0.05438143	16	5	0.547808448	5245672
ipv4.R	parse_network	2020-02-28T01:23:14Z	macOS	0.0625138622500001	0.0323448870566425	0.0493694200000001	0.050474643	0.0514282250000001	0.0521593370000001	0.142504928	8	1	0.500110898000001	6294296
ipv4.R	print_address	2020-02-28T01:23:14Z	macOS	0.1365413225	0.00128309011526666	0.135375342	0.1354783515	0.1364567085	0.1375196795	0.137876531	4	0	0.54616529	2109768
ipv4.R	print_network	2020-02-28T01:23:14Z	macOS	0.180456184666667	0.00157310500156105	0.178754491	0.1797556075	0.180756724	0.1813070315	0.181857339	3	0	0.541368554	2107360
ipv4.R	is_within	2020-02-28T01:23:14Z	macOS	0.00731509256521746	0.00482418569121497	0.00586950700000011	0.00632576100000015	0.00640597900000006	0.00662031200000002	0.0350696700000001	69	2	0.504741387000005	1106888
ipv4.R	is_within_any	2020-02-28T01:23:14Z	macOS	0.00748368346268656	0.00353218160637259	0.00631946100000003	0.00680221349999999	0.00688939100000008	0.00732219950000002	0.035729624	67	1	0.501406792	1059960
ipv4.R	is_subnet	2020-02-28T01:23:14Z	macOS	0.00728551300000005	0.00507942110389309	0.00591814400000001	0.00624180500000004	0.006359848	0.00647342800000006	0.0378632870000001	69	2	0.502700397000003	1061768
ipv4.R	is_supernet	2020-02-28T01:23:14Z	macOS	0.00729282927536234	0.00478260637282722	0.00584854199999996	0.00633344800000002	0.00643684600000005	0.00651594899999997	0.0348363230000001	69	2	0.503205220000001	1059272
ipv4.R	prefix_length	2020-02-28T01:23:14Z	macOS	5.82080236431564e-05	0.000639990815444387	3.72910000000504e-05	4.00030000000662e-05	4.12515000000613e-05	4.26340000000414e-05	0.027287209	8586	5	0.499774091000141	6744
ipv4.R	netmask	2020-02-28T01:23:14Z	macOS	0.0120661481428572	0.00816306326333349	0.0076088780000001	0.00922980949999999	0.00950316200000001	0.00989043899999997	0.037409957	42	4	0.506778222000001	5256112
ipv4.R	hostmask	2020-02-28T01:23:14Z	macOS	0.0136895428378379	0.0104256046295486	0.00748610000000005	0.00895113000000003	0.00939188099999999	0.010720135	0.042568533	37	6	0.506513085	5256128
ipv4.R	minimum	2020-02-28T01:23:14Z	macOS	0.02550584305	0.0156949477033801	0.0101620099999999	0.01145367275	0.0134549755000001	0.0403966935	0.0492298410000001	20	9	0.510116861000001	14896568
ipv4.R	maximum	2020-02-28T01:23:14Z	macOS	0.0241662683809524	0.0150007242676132	0.010466921	0.011237241	0.012863198	0.0391850180000001	0.049370781	21	9	0.507491636	14693920
