ipv4.R	parse_address	2020-03-05T01:34:10Z	macOS	0.0295572350588235	0.00771133336548873	0.024923526	0.026038309	0.027194126	0.027708563	0.049982567	17	2	0.502472996	5253968
ipv4.R	parse_network	2020-03-05T01:34:10Z	macOS	0.0591363976666667	0.0126397630199165	0.0499017190000001	0.050194249	0.051235055	0.073652486	0.077971614	9	3	0.532227579	6294296
ipv4.R	print_address	2020-03-05T01:34:10Z	macOS	0.1344579865	0.00237463267429869	0.131048777	0.1337461805	0.1352645325	0.1359763385	0.136254104	4	0	0.537831946	2099752
ipv4.R	print_network	2020-03-05T01:34:10Z	macOS	0.196714531	0.0160833753257782	0.185368301	0.1875116115	0.189654922	0.202387646	0.21512037	3	1	0.590143593	2107360
ipv4.R	is_within	2020-03-05T01:34:10Z	macOS	0.00850010345762713	0.00447057975388535	0.00705819899999999	0.00749636500000003	0.007602885	0.00778718350000002	0.032181541	59	2	0.501506104000001	1061792
ipv4.R	is_within_any	2020-03-05T01:34:10Z	macOS	0.0109891989347826	0.00425762615176584	0.00961456300000002	0.0102194895	0.0103701995	0.01054079425	0.039152962	46	1	0.505503151000001	1059960
ipv4.R	is_subnet	2020-03-05T01:34:10Z	macOS	0.0132163786578947	0.00859154635125083	0.008658781	0.00915916975	0.010166245	0.010638046	0.035729003	38	5	0.502222389	3171744
ipv4.R	is_supernet	2020-03-05T01:34:10Z	macOS	0.0122999859512195	0.00780046450365991	0.008526272	0.00892912200000001	0.009856855	0.01046023	0.03758592	41	4	0.504299424000001	3159056
ipv4.R	prefix_length	2020-03-05T01:34:10Z	macOS	5.50899023261109e-05	0.000543687446549529	3.6733000000011e-05	4.03715000000249e-05	4.10820000000256e-05	4.21430000000222e-05	0.0244262690000001	9071	5	0.499720504000152	0
ipv4.R	netmask	2020-03-05T01:34:10Z	macOS	0.0109429787446808	0.00909960327234424	0.00465627299999999	0.00628407049999999	0.00703214899999999	0.00756573549999995	0.030447648	47	9	0.514320000999999	5255648
ipv4.R	hostmask	2020-03-05T01:34:10Z	macOS	0.0105536070416667	0.013810234275859	0.00488927199999994	0.00634404575	0.00678251700000002	0.00694491749999998	0.094461525	48	7	0.506573137999999	5255656
ipv4.R	minimum	2020-03-05T01:34:10Z	macOS	0.0331656974375	0.0122213958055088	0.022852222	0.02378535825	0.025287503	0.04556061075	0.056544147	16	6	0.530651159	14875928
ipv4.R	maximum	2020-03-05T01:34:10Z	macOS	0.0364302812142857	0.0142461029333538	0.021798794	0.022821705	0.03557218	0.04835505175	0.05564057	14	7	0.510023937	14693920
