ipv4.R	parse_address	2020-03-15T02:49:51Z	macOS	0.0347882731333333	0.0118413113762068	0.02514902	0.026107501	0.027320536	0.049456185	0.052792451	15	5	0.521824097	5251032
ipv4.R	parse_network	2020-03-15T02:49:51Z	macOS	0.065807141875	0.0295599037155014	0.049539136	0.05043640825	0.053091815	0.0622879924999999	0.135466522	8	2	0.526457135	6294296
ipv4.R	print_address	2020-03-15T02:49:51Z	macOS	0.138444129	0.0153326814262755	0.128941012	0.129310372	0.1318367865	0.1409705435	0.161161931	4	1	0.553776516	2099752
ipv4.R	print_network	2020-03-15T02:49:51Z	macOS	0.187418284333333	0.00211707227761174	0.185099376	0.1865035225	0.187907669	0.1885777385	0.189247808	3	0	0.562254853	2107416
ipv4.R	is_within	2020-03-15T02:49:51Z	macOS	0.00740280822058828	0.00421446620772746	0.006034863	0.00641893175000002	0.00653838600000001	0.00679335125000008	0.0313833060000001	68	2	0.503390959000003	1065000
ipv4.R	is_within_any	2020-03-15T02:49:51Z	macOS	0.00873865212068957	0.0044201728381088	0.00705775499999983	0.00758835274999992	0.00795116349999997	0.00816000524999988	0.0319678729999999	58	2	0.506841822999995	1059088
ipv4.R	is_subnet	2020-03-15T02:49:51Z	macOS	0.0148060776857142	0.016897696655363	0.00781806499999993	0.00840516799999996	0.00917830200000003	0.011317408	0.098687497	35	5	0.518212718999998	3173512
ipv4.R	is_supernet	2020-03-15T02:49:51Z	macOS	0.0108482718163265	0.0066136059678545	0.00778400700000004	0.00872548699999998	0.00893016600000007	0.00949555400000002	0.0367960740000001	49	3	0.531565319000001	3159832
ipv4.R	prefix_length	2020-03-15T02:49:51Z	macOS	5.68681845698844e-05	0.000559153676896735	3.71110000000341e-05	4.04747500000469e-05	4.12955000000381e-05	4.24135000000603e-05	0.025164662	8788	5	0.499757606000144	0
ipv4.R	netmask	2020-03-15T02:49:51Z	macOS	0.0100120724400001	0.00813327265432846	0.00487800500000002	0.00656952175000011	0.00712658000000005	0.00737184375000005	0.0308652740000001	50	7	0.500603622000003	5252696
ipv4.R	hostmask	2020-03-15T02:49:51Z	macOS	0.0104534313333334	0.00884271057013731	0.00540886700000009	0.00687097425000011	0.00718850500000007	0.00736326475000004	0.0356878300000001	48	7	0.501764704000004	5252696
ipv4.R	minimum	2020-03-15T02:49:51Z	macOS	0.0331922598749999	0.0120883400675669	0.0221833979999999	0.023716465	0.0250047449999999	0.0473161292499999	0.0499993059999999	16	6	0.531076157999998	14873528
ipv4.R	maximum	2020-03-15T02:49:51Z	macOS	0.0350488135333333	0.0128659712699636	0.021504115	0.023739386	0.025944419	0.047953445	0.050285947	15	7	0.525732203	14693920

ipv6.R	parse_address	2020-03-15T02:50:00Z	macOS	0.0571043548888889	0.0120897650466813	0.0512924750000001	0.0525941599999999	0.0531317020000001	0.0537548880000001	0.0891428240000001	9	1	0.513939194	5245672
ipv6.R	parse_network	2020-03-15T02:50:00Z	macOS	0.113141043	0.0209785916544527	0.094877863	0.099589244	0.100352028	0.128927935	0.141958145	5	2	0.565705215	6294296
ipv6.R	print_address	2020-03-15T02:50:00Z	macOS	0.13671733675	0.00234009477409165	0.134619755	0.135676856	0.136090244	0.13713072475	0.140069104	4	0	0.546869347	2099752
ipv6.R	print_network	2020-03-15T02:50:00Z	macOS	0.200116584	0.0292187071738911	0.182116439	0.1832600825	0.184403726	0.2091166565	0.233829587	3	1	0.600349752	2099752
ipv6.R	is_within	2020-03-15T02:50:00Z	macOS	0.0160388098125	0.00143879355877863	0.015137027	0.0154931185000001	0.0156569725	0.01592171125	0.023173954	32	0	0.513241914	1051176
ipv6.R	is_within_any	2020-03-15T02:50:00Z	macOS	0.0381218157142857	0.0092743080057038	0.034477022	0.0351955782500001	0.035679616	0.03635403875	0.07024929	14	1	0.53370542	1051176
ipv6.R	is_subnet	2020-03-15T02:50:00Z	macOS	0.0197894566538461	0.00715700028798915	0.01684145	0.0175461964999999	0.0184216010000001	0.0188872105	0.0544721260000001	26	1	0.514525873	3148424
ipv6.R	is_supernet	2020-03-15T02:50:00Z	macOS	0.0211155795416666	0.00963225110060134	0.016293875	0.0173275309999999	0.0183713114999999	0.0193667092499999	0.054334393	24	2	0.506773908999999	3148424
ipv6.R	prefix_length	2020-03-15T02:50:00Z	macOS	6.21133557047146e-05	0.000765725891455487	3.69980000000103e-05	4.05360000000909e-05	4.13280000000071e-05	4.25800000000143e-05	0.0337408650000001	8046	5	0.499764060000133	0
ipv6.R	netmask	2020-03-15T02:50:00Z	macOS	0.0157790643749999	0.0104234113035198	0.0100571259999999	0.01159104775	0.0121757644999999	0.0123788787499999	0.0440527359999999	32	4	0.504930059999998	5245672
ipv6.R	hostmask	2020-03-15T02:50:00Z	macOS	0.02017337592	0.0147163709644684	0.011373874	0.012660283	0.013467792	0.014929361	0.0611397650000001	25	5	0.504334398	5245672
ipv6.R	minimum	2020-03-15T02:50:00Z	macOS	0.0458150000833333	0.0149420143922181	0.027645513	0.0316577105	0.0478251515000001	0.0597863865	0.062514582	12	6	0.549780001	14683296
ipv6.R	maximum	2020-03-15T02:50:00Z	macOS	0.0503636196	0.0316156305611588	0.029786332	0.0315301935	0.032199905	0.061270172	0.130394667	10	4	0.503636196	14683296
