ipv4.R	parse_address	2020-03-07T18:34:04Z	macOS	0.1021679475	0.0864624937207512	0.0470856470000002	0.04800927225	0.0482399875000001	0.14630842475	0.242511792	6	2	0.613007685	5251032
ipv4.R	parse_network	2020-03-07T18:34:04Z	macOS	0.324587316333333	0.319929395731314	0.0708197869999999	0.1448953275	0.218970868	0.451471081	0.683971294	3	2	0.973761949	6294296
ipv4.R	print_address	2020-03-07T18:34:04Z	macOS	0.176918558333333	0.0111103581212134	0.16690885	0.170941424	0.174973998	0.1819234125	0.188872827	3	0	0.530755675	2099752
ipv4.R	print_network	2020-03-07T18:34:04Z	macOS	0.294356439	0.0142185993226214	0.284302371	0.289329405	0.294356439	0.299383473	0.304410507	2	0	0.588712878	2107408
ipv4.R	is_within	2020-03-07T18:34:04Z	macOS	0.0384629685384615	0.00867847274596725	0.032118614	0.0343900829999999	0.0356533570000001	0.0382957049999999	0.0656702189999999	13	0	0.500018591	1061832
ipv4.R	is_within_any	2020-03-07T18:34:04Z	macOS	0.0179455473571429	0.0224277886982603	0.011250862	0.01234511425	0.012960814	0.0146958375000001	0.13166977	28	1	0.502475326000001	1059992
ipv4.R	is_subnet	2020-03-07T18:34:04Z	macOS	0.0584571325555556	0.0516083518296537	0.0298839470000001	0.039300461	0.042169984	0.047516458	0.195153527	9	1	0.526114193	3171776
ipv4.R	is_supernet	2020-03-07T18:34:04Z	macOS	0.0538584809	0.0453270334287819	0.0288731209999999	0.039072552	0.0403200385	0.04117130775	0.182208521	10	1	0.538584809	3159080
ipv4.R	prefix_length	2020-03-07T18:34:04Z	macOS	0.000149190023873487	0.00337323453035655	4.73490000000298e-05	5.66644999999699e-05	5.9153000000034e-05	6.23929999999939e-05	0.139031388	3351	2	0.499935770000054	0
ipv4.R	netmask	2020-03-07T18:34:04Z	macOS	0.0484691708181818	0.0470451800951015	0.0217251159999999	0.0248684364999999	0.026947857	0.0354099544999999	0.148782852	11	2	0.533160878999999	5252688
ipv4.R	hostmask	2020-03-07T18:34:04Z	macOS	0.0473650719090908	0.0463977372449999	0.0179618719999999	0.0232023884999999	0.0241859669999999	0.0403896264999999	0.143539195	11	2	0.521015790999999	5252696
ipv4.R	minimum	2020-03-07T18:34:04Z	macOS	0.28342902	0.333003173333931	0.0337968089999999	0.12768070875	0.1626964125	0.31844472375	0.774526446	4	4	1.13371608	14875968
ipv4.R	maximum	2020-03-07T18:34:04Z	macOS	0.1003387982	0.0868427499535486	0.0367123580000001	0.037315901	0.041676876	0.165289818	0.220699038	5	2	0.501693991	14693920
