ipv4.R	parse_address	2020-03-10T00:32:50Z	macOS	0.0373667851428571	0.0138325068219722	0.026314986	0.02691795875	0.0282673705	0.05241177725	0.059035178	14	5	0.523134992	5251024
ipv4.R	parse_network	2020-03-10T00:32:50Z	macOS	0.0747853158571429	0.0347826234181163	0.051878366	0.05375816	0.055298354	0.0804334295	0.147937312	7	3	0.523497211	6294296
ipv4.R	print_address	2020-03-10T00:32:50Z	macOS	0.137343813	0.00224669092530044	0.134058977	0.137020346	0.1380867585	0.1384102255	0.139142758	4	0	0.549375252	2099752
ipv4.R	print_network	2020-03-10T00:32:50Z	macOS	0.200155468333333	0.00958320482439306	0.189416039	0.1963155885	0.203215138	0.205525183	0.207835228	3	0	0.600466405	2107408
ipv4.R	is_within	2020-03-10T00:32:50Z	macOS	0.00843925511666669	0.00555849562984251	0.00634091100000003	0.00672263550000002	0.00699904650000002	0.00733998275	0.032114727	60	3	0.506355307000001	1061832
ipv4.R	is_within_any	2020-03-10T00:32:50Z	macOS	0.00940205077777776	0.00491976214811814	0.00760109999999997	0.00796070849999997	0.00840234799999998	0.00875209699999997	0.0345552279999999	54	2	0.507710741999999	1059992
ipv4.R	is_subnet	2020-03-10T00:32:50Z	macOS	0.0130534993589744	0.00930164792857474	0.00841768200000004	0.00868311399999999	0.00933107	0.0113987785	0.0407124	39	5	0.509086475000001	3171768
ipv4.R	is_supernet	2020-03-10T00:32:50Z	macOS	0.0126473870476191	0.00877099130761128	0.00820465199999998	0.008565567	0.009391658	0.00999610125000001	0.037328664	42	5	0.531190256000001	3159080
ipv4.R	prefix_length	2020-03-10T00:32:50Z	macOS	5.88125021772558e-05	0.000579445855081393	3.84320000000327e-05	4.1439000000032e-05	4.21460000000207e-05	4.30560000000413e-05	0.025057916	8497	5	0.499729831000143	0
ipv4.R	netmask	2020-03-10T00:32:50Z	macOS	0.0118860069302326	0.0100072654444631	0.00507499700000003	0.00647967900000004	0.007267527	0.00773044900000003	0.035522072	43	9	0.511098298000001	5252680
ipv4.R	hostmask	2020-03-10T00:32:50Z	macOS	0.0138661594047619	0.0165944396498175	0.00541905700000006	0.00621204750000001	0.00725469750000002	0.00783901375000001	0.095585288	42	9	0.582378695000001	5252688
ipv4.R	minimum	2020-03-10T00:32:50Z	macOS	0.0343871932666667	0.0132323250944618	0.024106422	0.024928517	0.025999885	0.0493156385	0.055204089	15	5	0.515807899	14875944
ipv4.R	maximum	2020-03-10T00:32:50Z	macOS	0.0390043051538462	0.0139920851783919	0.025460148	0.026753499	0.027825795	0.052647975	0.056056944	13	6	0.507055967	14693920
