ipv4.R	parse_address	2020-03-04T01:11:25Z	macOS	0.0360928677857143	0.0146842745077893	0.0262840480000001	0.0277528597499999	0.02940197	0.0323989645	0.065611899	14	3	0.505300149	5245672
ipv4.R	parse_network	2020-03-04T01:11:25Z	macOS	0.066592274125	0.0150345983834885	0.052772098	0.0542776510000001	0.059225823	0.0833937932500001	0.085627534	8	3	0.532738193	6294296
ipv4.R	print_address	2020-03-04T01:11:25Z	macOS	0.14810835125	0.0111565249136759	0.141842675	0.14193605675	0.142901795	0.1490740895	0.16478714	4	0	0.592433405	2109768
ipv4.R	print_network	2020-03-04T01:11:25Z	macOS	0.211902403333333	0.0160150508837866	0.19552093	0.204091616	0.212662302	0.22009314	0.227523978	3	1	0.63570721	2107360
ipv4.R	is_within	2020-03-04T01:11:25Z	macOS	0.01009882982	0.00773955019092595	0.00723589099999999	0.00782754050000009	0.00811489249999997	0.00848290374999996	0.043139539	50	3	0.504941491000001	1076544
ipv4.R	is_within_any	2020-03-04T01:11:25Z	macOS	0.012004398952381	0.00671700958120824	0.00986583699999999	0.0101760495	0.0104766215000001	0.01071012775	0.041719756	42	2	0.504184756000001	1059960
ipv4.R	is_subnet	2020-03-04T01:11:25Z	macOS	0.01581719040625	0.0190681797939818	0.00859521499999993	0.00928225725000004	0.00997689400000001	0.0108160665	0.108613716	32	4	0.506150093	3174144
ipv4.R	is_supernet	2020-03-04T01:11:25Z	macOS	0.0118452371162791	0.0075875715376246	0.009029391	0.009993376	0.0101585719999999	0.01037468	0.048204618	43	2	0.509345196	3159056
ipv4.R	prefix_length	2020-03-04T01:11:25Z	macOS	6.51381196403144e-05	0.000720672721001386	4.20700000000052e-05	4.4076000000004e-05	4.49000000000144e-05	5.40310000000099e-05	0.0347789709999999	7673	4	0.499804792000132	0
ipv4.R	netmask	2020-03-04T01:11:25Z	macOS	0.01002638152	0.00891055464583849	0.00503283399999999	0.00707302725	0.00734210099999999	0.00743537150000001	0.0377334050000001	50	5	0.501319076000001	5255648
ipv4.R	hostmask	2020-03-04T01:11:25Z	macOS	0.0126435439500001	0.0127068703569505	0.00490173100000013	0.00692169525000008	0.00717429850000006	0.00765541875000003	0.046637963	40	7	0.505741758000002	5255656
ipv4.R	minimum	2020-03-04T01:11:25Z	macOS	0.02645854785	0.0174721487522559	0.010497038	0.0125810927499999	0.0149991495	0.0420860295	0.0573468619999999	20	8	0.529170957	14875928
ipv4.R	maximum	2020-03-04T01:11:25Z	macOS	0.0316523090625	0.0274954010104307	0.011212878	0.0126128325	0.0148751685	0.0435374845	0.114455241	16	7	0.506436945	14693920
