ipv4.R	parse_address	2020-03-02T03:51:47Z	macOS	0.033388707125	0.0124322393005648	0.025039135	0.025795951	0.0268175315	0.03551273625	0.056629377	16	4	0.534219314000001	5245672
ipv4.R	parse_network	2020-03-02T03:51:47Z	macOS	0.0749188598750001	0.031319399513517	0.0538544660000001	0.0564262497500001	0.0596426745	0.084687612	0.145647459	8	3	0.599350879000001	6294296
ipv4.R	print_address	2020-03-02T03:51:47Z	macOS	0.139081067	0.00222684685582373	0.136710568	0.1380376045	0.138775024	0.1398184865	0.142063652	4	0	0.556324268	2109768
ipv4.R	print_network	2020-03-02T03:51:47Z	macOS	0.185549063666667	0.00361600664203405	0.182459577	0.1835604675	0.184661358	0.187093807	0.189526256	3	0	0.556647191	2107360
ipv4.R	is_within	2020-03-02T03:51:47Z	macOS	0.00803604960317464	0.00376558198271433	0.00693667200000003	0.00735056050000005	0.00747512200000011	0.00765594400000003	0.0372385880000001	63	1	0.506271125000002	1076544
ipv4.R	is_within_any	2020-03-02T03:51:47Z	macOS	0.00920500550909092	0.00404533404128853	0.00766752300000006	0.00815641250000004	0.008475487	0.00886837950000002	0.0376369879999999	55	1	0.506275303000001	1059960
ipv4.R	is_subnet	2020-03-02T03:51:47Z	macOS	0.0118417657674418	0.00772578985926818	0.00847294499999984	0.0092630414999999	0.00986233199999997	0.0101476839999999	0.0399093729999999	43	3	0.509195927999996	3174144
ipv4.R	is_supernet	2020-03-02T03:51:47Z	macOS	0.0117237683255813	0.00784102869544605	0.0083527739999999	0.0093760779999999	0.00983831499999988	0.0100076579999999	0.0403265329999999	43	3	0.504122037999996	3159056
ipv4.R	prefix_length	2020-03-02T03:51:47Z	macOS	6.1827313683218e-05	0.000699957398841537	3.70830000000488e-05	4.08440000000398e-05	4.17579999999473e-05	4.37270000000767e-05	0.030530005	8346	5	0.516010760000137	0
ipv4.R	netmask	2020-03-02T03:51:47Z	macOS	0.0103071291372548	0.00936221945855187	0.0048481669999999	0.00666012399999988	0.007104428	0.00726491899999993	0.0368355119999999	51	6	0.525663585999996	5255648
ipv4.R	hostmask	2020-03-02T03:51:47Z	macOS	0.0111148500652174	0.0107566299601976	0.00512887699999998	0.00642745300000003	0.006929042	0.00725257075000005	0.0425333470000001	46	7	0.511283103000001	5255656
ipv4.R	minimum	2020-03-02T03:51:47Z	macOS	0.0231593932727273	0.0153131540655756	0.00914359799999998	0.0113932320000001	0.013367533	0.0413710585000001	0.045578997	22	8	0.509506652000001	14875936
ipv4.R	maximum	2020-03-02T03:51:47Z	macOS	0.02630088305	0.0239595579472402	0.0100302360000001	0.0113004799999999	0.0133150415	0.0409985815000001	0.10676943	20	7	0.526017661	14693920
