ipv4.R	parse_address	2020-03-19T02:28:04Z	macOS	0.039766464923077	0.0248747038276666	0.025326618	0.0261054230000001	0.026521325	0.050523466	0.110639235	13	4	0.516964044000001	5250552
ipv4.R	parse_network	2020-03-19T02:28:04Z	macOS	0.064724353625	0.00880772667361588	0.058381644	0.0603083120000001	0.0617818915	0.064317322	0.085679558	8	1	0.517794829	6294296
ipv4.R	print_address	2020-03-19T02:28:04Z	macOS	0.13714012225	0.0115531917615252	0.129596356	0.13021642225	0.132388016	0.139311716	0.154188101	4	1	0.548560489	2099752
ipv4.R	print_network	2020-03-19T02:28:04Z	macOS	0.182947963	0.000472324264387309	0.182402571	0.1828111445	0.183219718	0.183220659	0.1832216	3	0	0.548843889	2107416
ipv4.R	is_within	2020-03-19T02:28:04Z	macOS	0.00785228420312502	0.00445643057739765	0.00621246900000005	0.00659895275	0.0067031585	0.00696976850000003	0.030548874	64	2	0.502546189000001	1065000
ipv4.R	is_within_any	2020-03-19T02:28:04Z	macOS	0.00891536454237292	0.00447994583618048	0.00729985900000008	0.00786726000000004	0.00798311900000004	0.00810092950000002	0.0322554240000001	59	2	0.526006508000003	1059088
ipv4.R	is_subnet	2020-03-19T02:28:04Z	macOS	0.0115044938409091	0.00727933648572457	0.00800488199999999	0.0083239525	0.00921349900000001	0.00965042125	0.034250975	44	4	0.506197729000001	3278808
ipv4.R	is_supernet	2020-03-19T02:28:04Z	macOS	0.0111453221777778	0.00738146178578247	0.00759085799999998	0.00827459000000003	0.00906281700000006	0.00931923000000001	0.036236593	45	4	0.501539498000001	3159832
ipv4.R	prefix_length	2020-03-19T02:28:04Z	macOS	5.89561626754913e-05	0.000559627251443031	4.04310000000629e-05	4.29330000000228e-05	4.35480000000044e-05	4.455400000003e-05	0.024324967	8477	5	0.49977139100014	0
ipv4.R	netmask	2020-03-19T02:28:04Z	macOS	0.0104668601020408	0.00855117437643133	0.00469165400000005	0.00673350500000003	0.00697654199999997	0.00720852400000005	0.029771137	49	8	0.512876145000001	5252208
ipv4.R	hostmask	2020-03-19T02:28:04Z	macOS	0.0109862017916667	0.009202397354234	0.00497760800000008	0.00688295700000005	0.00724423700000004	0.00770657600000008	0.034759461	48	8	0.527337686000002	5252208
ipv4.R	minimum	2020-03-19T02:28:04Z	macOS	0.0396697766923077	0.0236154149598467	0.021617958	0.023346002	0.0262908629999999	0.048865647	0.106409259	13	6	0.515707097	14873528
ipv4.R	maximum	2020-03-19T02:28:04Z	macOS	0.0366370582857143	0.0131024336301492	0.022364803	0.024039065	0.0364737545	0.049139741	0.051405399	14	7	0.512918816	14693920
