ipv4.R	parse_address	2020-02-28T01:18:02Z	macOS	0.0363346559285714	0.0137692314375416	0.026805653	0.0275981802499999	0.028079411	0.0485312560000001	0.06032979	14	4	0.508685183	5245672
ipv4.R	parse_network	2020-02-28T01:18:02Z	macOS	0.0785036345714286	0.038135947631759	0.0530309710000001	0.0542892575	0.0592170190000001	0.0849901315	0.158718674	7	3	0.549525442	6294296
ipv4.R	print_address	2020-02-28T01:18:02Z	macOS	0.14730570475	0.00128754920713065	0.146077678	0.14628680725	0.147219606	0.1482385035	0.148705929	4	0	0.589222819	2109768
ipv4.R	print_network	2020-02-28T01:18:02Z	macOS	0.191855101333333	0.00306378823908527	0.189295276	0.190157758	0.19102024	0.193135014	0.195249788	3	0	0.575565304	2107360
ipv4.R	is_within	2020-02-28T01:18:02Z	macOS	0.00819688444262297	0.00371421695548073	0.00726866800000003	0.00763574099999997	0.00767646600000005	0.00771844499999996	0.036589742	61	1	0.500009951000001	1106888
ipv4.R	is_within_any	2020-02-28T01:18:02Z	macOS	0.00875764349180327	0.00518451652007794	0.00725550799999997	0.00759122099999998	0.00774398899999995	0.00823323999999992	0.0370167610000001	61	2	0.534216252999999	1059960
ipv4.R	is_subnet	2020-02-28T01:18:02Z	macOS	0.00822653960655737	0.0037016870850519	0.00721637599999991	0.00764287799999996	0.00769076699999993	0.00778051200000007	0.036424985	61	1	0.501818916	1061768
ipv4.R	is_supernet	2020-02-28T01:18:02Z	macOS	0.00816084006451611	0.00364135777152587	0.00723319499999997	0.00764911049999994	0.00769945900000002	0.00776173150000006	0.0363450719999999	62	1	0.505972083999999	1059272
ipv4.R	prefix_length	2020-02-28T01:18:02Z	macOS	6.13372089140833e-05	0.000670003461184567	3.93680000001506e-05	4.21347500001723e-05	4.29360000000489e-05	4.40832500001043e-05	0.0299211790000001	8324	5	0.510570927000829	6744
ipv4.R	netmask	2020-02-28T01:18:02Z	macOS	0.0152217123636364	0.00838244613532298	0.0105960150000001	0.0122519910000001	0.0124537180000001	0.0134028899999999	0.042219735	33	3	0.502316508000001	5256112
ipv4.R	hostmask	2020-02-28T01:18:02Z	macOS	0.0181620860344828	0.0116622117653459	0.010681211	0.012006266	0.0124315110000001	0.014115906	0.0451935179999999	29	6	0.526700495	5256128
ipv4.R	minimum	2020-02-28T01:18:02Z	macOS	0.034122434	0.0134766400346399	0.021573642	0.0248710275	0.026258546	0.0516131985	0.053959035	15	5	0.51183651	14896568
ipv4.R	maximum	2020-02-28T01:18:02Z	macOS	0.0393880405384615	0.0155766041862063	0.024475201	0.025894271	0.0265971199999999	0.054301008	0.062415693	13	6	0.512044527	14693920
