ipv4.R	parse_address	2020-02-28T01:21:20Z	macOS	0.0336491368	0.0128179843376116	0.0256066069999999	0.025729184	0.026500631	0.0404654895	0.0550128559999999	15	4	0.504737052	5245672
ipv4.R	parse_network	2020-02-28T01:21:20Z	macOS	0.0729000254285714	0.0349770918530632	0.0503024439999999	0.050935068	0.0518904089999999	0.0802598704999999	0.145717448	7	3	0.510300177999999	6294296
ipv4.R	print_address	2020-02-28T01:21:20Z	macOS	0.1468589145	0.000603832209016415	0.146050646	0.146573459	0.1470070055	0.147292461	0.147371001	4	0	0.587435658	2109768
ipv4.R	print_network	2020-02-28T01:21:20Z	macOS	0.19812609	0.00193009073357986	0.196809924	0.1970182625	0.197226601	0.198784173	0.200341745	3	0	0.59437827	2107360
ipv4.R	is_within	2020-02-28T01:21:20Z	macOS	0.0079021937656251	0.00358379788373082	0.0069945520000001	0.00734717400000012	0.00742742350000014	0.00753266625000015	0.0359998940000001	64	1	0.505740401000007	1106888
ipv4.R	is_within_any	2020-02-28T01:21:20Z	macOS	0.00835944725000002	0.00523657532561207	0.00670996000000001	0.00725053124999997	0.0073893075	0.00751785950000006	0.036892566	60	2	0.501566835000001	1059960
ipv4.R	is_subnet	2020-02-28T01:21:20Z	macOS	0.0080491521746032	0.00384118000891163	0.00701679600000005	0.00730032349999998	0.00750504400000007	0.007639008	0.037749534	63	1	0.507096587000001	1061768
ipv4.R	is_supernet	2020-02-28T01:21:20Z	macOS	0.00807425548387097	0.00352526010795132	0.00721844000000005	0.00747985424999992	0.00761318049999998	0.00775280050000007	0.035325827	62	1	0.50060384	1059272
ipv4.R	prefix_length	2020-02-28T01:21:20Z	macOS	6.15034422729324e-05	0.000687286332603417	3.85170000000157e-05	4.20400000000765e-05	4.2802000000064e-05	4.38390000000455e-05	0.030131054	8289	5	0.509802033000337	6744
ipv4.R	netmask	2020-02-28T01:21:20Z	macOS	0.0152626925454546	0.00869221831035452	0.0105840410000001	0.0123785720000001	0.0125824240000001	0.0131364240000001	0.0430996840000001	33	3	0.503668854000003	5256112
ipv4.R	hostmask	2020-02-28T01:21:20Z	macOS	0.0184768175517241	0.0119486321967189	0.010710323	0.012231403	0.012809386	0.0141267399999999	0.048044181	29	6	0.535827709	5256128
ipv4.R	minimum	2020-02-28T01:21:20Z	macOS	0.0346444216	0.0137362618158602	0.021640848	0.0255446355	0.026308125	0.0522163940000001	0.05503193	15	5	0.519666324	14896568
ipv4.R	maximum	2020-02-28T01:21:20Z	macOS	0.0407906113076923	0.0166537955631905	0.02430228	0.0261642830000001	0.0274593380000001	0.056767918	0.063994926	13	6	0.530277947	14693920
