ipv4.R	parse_address	2020-03-04T16:26:56Z	macOS	0.0434383981666667	0.0180279071013322	0.027478417	0.028800738	0.034744085	0.0642388775	0.071783238	12	4	0.521260778	5245672
ipv4.R	parse_network	2020-03-04T16:26:56Z	macOS	0.0716325365714286	0.0147282439875813	0.055479502	0.0611582325	0.068859733	0.0802669705	0.094238115	7	2	0.501427756	6294296
ipv4.R	print_address	2020-03-04T16:26:56Z	macOS	0.17718925225	0.0540422505905777	0.147751892	0.1494689975	0.151405446	0.17912570075	0.258194225	4	1	0.708757009	2109768
ipv4.R	print_network	2020-03-04T16:26:56Z	macOS	0.206485227666667	0.00168929751835974	0.204559088	0.2058702615	0.207181435	0.2074482975	0.20771516	3	0	0.619455683	2107360
ipv4.R	is_within	2020-03-04T16:26:56Z	macOS	0.00920183036363638	0.00526170582144411	0.00751276400000001	0.00792884050000003	0.00827696300000003	0.00873129750000001	0.046649366	55	1	0.506100670000001	1106888
ipv4.R	is_within_any	2020-03-04T16:26:56Z	macOS	0.0100961743000001	0.00645533000338957	0.00796401300000005	0.00836374500000005	0.00908586850000007	0.00977896900000001	0.054211735	50	1	0.504808715000003	1059960
ipv4.R	is_subnet	2020-03-04T16:26:56Z	macOS	0.00890609910526318	0.00503379194930741	0.00748705100000002	0.00780594100000004	0.00790275000000001	0.00828137200000006	0.045533362	57	1	0.507647649000001	1061768
ipv4.R	is_supernet	2020-03-04T16:26:56Z	macOS	0.00914027556363638	0.00499937461890762	0.00742703300000003	0.00805417200000003	0.00827023100000002	0.00876084050000001	0.044929818	55	1	0.502715156000001	1059272
ipv4.R	prefix_length	2020-03-04T16:26:56Z	macOS	7.34777046457115e-05	0.000875420398320226	4.3772000000053e-05	4.63785000000133e-05	4.75660000000266e-05	5.7130000000058e-05	0.037221828	6802	4	0.49979534700013	6744
ipv4.R	netmask	2020-03-04T16:26:56Z	macOS	0.0170352613	0.0111078294800462	0.011315592	0.01269738	0.0130574495	0.01475556025	0.051126614	30	3	0.511057839	5256112
ipv4.R	hostmask	2020-03-04T16:26:56Z	macOS	0.0175578273793104	0.0120195620657039	0.011093967	0.012752083	0.013142601	0.014469913	0.058013584	29	3	0.509176994	5256128
ipv4.R	minimum	2020-03-04T16:26:56Z	macOS	0.0470379032727273	0.0231938822786014	0.025335131	0.026845812	0.028923356	0.069779132	0.074922976	11	5	0.517416936	14896560
ipv4.R	maximum	2020-03-04T16:26:56Z	macOS	0.0481430151818182	0.0214867326077434	0.025064439	0.0263101945	0.060210914	0.0663854595	0.072451003	11	6	0.529573167	14693920
