ipv4.R	parse_address	2020-03-22T22:45:51Z	macOS	0.0367441938571429	0.0230509571680087	0.0247606970000001	0.0252925690000001	0.0260280070000001	0.0433423277500001	0.108829725	14	4	0.514418714000001	5250528
ipv4.R	parse_network	2020-03-22T22:45:51Z	macOS	0.0595325184444445	0.0110778166223076	0.0513354470000001	0.0528286000000001	0.054050249	0.058479178	0.079175175	9	2	0.535792666	6294296
ipv4.R	print_address	2020-03-22T22:45:51Z	macOS	0.13351240925	0.00454064042738588	0.127811577	0.1312686375	0.1338667785	0.13611055025	0.138504503	4	0	0.534049637	2099752
ipv4.R	print_network	2020-03-22T22:45:51Z	macOS	0.182830322	0.0064842739538941	0.178577987	0.179098716	0.179619445	0.1849564895	0.190293534	3	0	0.548490966	2107392
ipv4.R	is_within	2020-03-22T22:45:51Z	macOS	0.00761891531818178	0.00501895836514294	0.00604024199999997	0.00634706649999997	0.0064980845	0.00674361549999997	0.030645795	66	3	0.502848410999998	1066248
ipv4.R	is_within_any	2020-03-22T22:45:51Z	macOS	0.00848751320338985	0.00432117330675318	0.00699048599999996	0.007386163	0.00759917200000004	0.00781599500000002	0.031358095	59	2	0.500763279000001	1060792
ipv4.R	is_subnet	2020-03-22T22:45:51Z	macOS	0.0114936441818182	0.00818797384378365	0.00743222900000007	0.00807935224999998	0.00870564200000001	0.00889080525000008	0.0352195160000001	44	5	0.505720344	3275448
ipv4.R	is_supernet	2020-03-22T22:45:51Z	macOS	0.0111304194444445	0.00756572651944514	0.00743575699999999	0.00801700000000005	0.008799432	0.00934772000000006	0.035236234	45	4	0.500868875000002	3161088
ipv4.R	prefix_length	2020-03-22T22:45:51Z	macOS	3.63618780001743e-06	1.46791774292046e-06	3.01299999994065e-06	3.37400000002819e-06	3.50000000004513e-06	3.63600000008457e-06	8.19759999999281e-05	10000	0	0.0363618780001743	0
ipv4.R	netmask	2020-03-22T22:45:51Z	macOS	0.01250044835	0.0158015019981804	0.00501945800000003	0.00559096675000004	0.0066861225	0.00713699749999999	0.092388887	40	8	0.500017934000001	5252176
ipv4.R	hostmask	2020-03-22T22:45:51Z	macOS	0.0100889160784314	0.0085034493147397	0.00514348400000009	0.00668501950000006	0.00696868800000006	0.00730404450000011	0.032191814	51	7	0.514534720000004	5252192
ipv4.R	minimum	2020-03-22T22:45:51Z	macOS	0.0346768646666667	0.0132824937606952	0.021225712	0.0226472210000001	0.024141074	0.0479177525	0.050081416	15	7	0.52015297	14873504
ipv4.R	maximum	2020-03-22T22:45:51Z	macOS	0.0362933223333333	0.0129528596614919	0.02098588	0.0233447825	0.04560686	0.0476529850000001	0.050880247	15	8	0.544399835	14693920

ipv6.R	parse_address	2020-03-22T22:45:59Z	macOS	0.0548486702	0.0105109783312196	0.049216179	0.0500529555000001	0.0503273335	0.05459431625	0.083938748	10	1	0.548486702	5245672
ipv6.R	parse_network	2020-03-22T22:45:59Z	macOS	0.1048226504	0.0151174508851215	0.0962660750000001	0.096394431	0.097654166	0.1022907	0.13150788	5	1	0.524113252	6294296
ipv6.R	print_address	2020-03-22T22:45:59Z	macOS	0.1189996042	0.00213608046232643	0.117007413	0.117177505	0.11844396	0.120441072	0.121928071	5	0	0.594998021	2099752
ipv6.R	print_network	2020-03-22T22:45:59Z	macOS	0.180992724666667	0.0086911580850185	0.17139681	0.1773214405	0.183246071	0.185790682	0.188335293	3	0	0.542978174	2099752
ipv6.R	is_within	2020-03-22T22:45:59Z	macOS	0.0170394664	0.00626993223652916	0.015184989	0.01547222475	0.01571076	0.01613116075	0.049972606	30	1	0.511183992	1051176
ipv6.R	is_within_any	2020-03-22T22:45:59Z	macOS	0.0353768225333334	0.001294724427624	0.0341462140000001	0.0346260075000001	0.035306034	0.0357202910000001	0.0394947410000001	15	0	0.530652338000001	1051176
ipv6.R	is_subnet	2020-03-22T22:45:59Z	macOS	0.019902602923077	0.00661199540083246	0.016837065	0.0181433480000001	0.0185330380000001	0.0188795920000001	0.051854676	26	1	0.517467676000002	3148424
ipv6.R	is_supernet	2020-03-22T22:45:59Z	macOS	0.0206395522	0.00993381093111445	0.016303076	0.017074377	0.0178197510000001	0.0181436060000001	0.056035861	25	2	0.515988805000001	3148424
ipv6.R	prefix_length	2020-03-22T22:45:59Z	macOS	3.53510200007332e-06	1.2568080468561e-06	2.70600000007448e-06	3.10300000014307e-06	3.32800000002464e-06	3.5110000000671e-06	3.5124000000053e-05	10000	0	0.0353510200007332	0
ipv6.R	netmask	2020-03-22T22:45:59Z	macOS	0.0159006074117647	0.0101433188547741	0.00994489099999996	0.0119698005	0.0122173704999999	0.0129040772499999	0.0435142479999999	34	4	0.540620651999999	5245672
ipv6.R	hostmask	2020-03-22T22:45:59Z	macOS	0.0183218205862069	0.0197456294368943	0.011186707	0.012898192	0.013193518	0.013479661	0.114709633	29	3	0.531332796999999	5245672
ipv6.R	minimum	2020-03-22T22:45:59Z	macOS	0.037318027	0.0139268522950737	0.027346003	0.03056964025	0.0313628495	0.0320886305	0.063308777	14	3	0.522452378	14683296
ipv6.R	maximum	2020-03-22T22:45:59Z	macOS	0.0474551786363637	0.0173534104199211	0.0282057370000001	0.0299290050000001	0.0615156950000001	0.0627500790000001	0.0635477420000001	11	6	0.522006965000001	14683296
