ipv4.R	parse_address	2020-02-29T02:36:35Z	macOS	0.0366620932857143	0.0139810444236705	0.026305857	0.0270842175	0.0293250225	0.049793822	0.062368038	14	4	0.513269306	5245672
ipv4.R	parse_network	2020-02-29T02:36:35Z	macOS	0.0817022431428571	0.0353838391037955	0.052322753	0.057876377	0.074053586	0.08734301	0.155100589	7	3	0.571915702	6294296
ipv4.R	print_address	2020-02-29T02:36:35Z	macOS	0.194898114333333	0.0235018383412643	0.171314264	0.183188635	0.195063006	0.2066900395	0.218317073	3	0	0.584694343	2109768
ipv4.R	print_network	2020-02-29T02:36:35Z	macOS	0.229373147666667	0.0141261748402666	0.216392119	0.2218509615	0.227309804	0.235863662	0.24441752	3	0	0.688119443	2107360
ipv4.R	is_within	2020-02-29T02:36:35Z	macOS	0.00764217410606063	0.00447018480960009	0.00629076899999992	0.00668157875	0.00687650699999998	0.00742317374999998	0.0430963910000001	66	1	0.504383491000001	1106888
ipv4.R	is_within_any	2020-02-29T02:36:35Z	macOS	0.00906853782758621	0.00561878755410927	0.00652927299999995	0.00708932249999999	0.007574046	0.00865036975	0.038441544	58	2	0.525975194	1059960
ipv4.R	is_subnet	2020-02-29T02:36:35Z	macOS	0.00711178032394368	0.00359855908530204	0.00611570399999994	0.00648372550000004	0.00656985799999998	0.006731341	0.036606565	71	1	0.504936403000001	1061768
ipv4.R	is_supernet	2020-02-29T02:36:35Z	macOS	0.00748124165671644	0.00500113246360435	0.00607863000000008	0.00647842650000002	0.00658454200000003	0.00671458200000002	0.036080026	67	2	0.501243191000001	1059272
ipv4.R	prefix_length	2020-02-29T02:36:35Z	macOS	5.86782415169842e-05	0.000657527713653278	3.826600000012e-05	4.0350999999994e-05	4.09650000000594e-05	4.20970000000187e-05	0.027654799	8517	5	0.499762583000155	6744
ipv4.R	netmask	2020-02-29T02:36:35Z	macOS	0.0103373277843138	0.00926279186773066	0.00532097300000012	0.00705443750000001	0.00716777600000007	0.00747770750000004	0.036263819	51	6	0.527203717000002	5256112
ipv4.R	hostmask	2020-02-29T02:36:35Z	macOS	0.0109362959130435	0.0103843074188552	0.00511807700000011	0.0066937715	0.00691265100000005	0.00715357024999999	0.039758748	46	7	0.503069612000001	5256128
ipv4.R	minimum	2020-02-29T02:36:35Z	macOS	0.0227742790909091	0.0147838153373489	0.009371197	0.0111392634999999	0.013087794	0.04102301225	0.043643789	22	8	0.50103414	14896568
ipv4.R	maximum	2020-02-29T02:36:35Z	macOS	0.0241886238571428	0.0230355764028612	0.01073986	0.0112808689999999	0.013253396	0.0409766269999999	0.104654181	21	6	0.507961100999999	14693920
