ipv4.R	parse_address	2020-03-05T16:39:11Z	macOS	0.0302144425294118	0.00787610973964956	0.026119509	0.026863434	0.028017839	0.028360142	0.051392085	17	2	0.513645523	5254000
ipv4.R	parse_network	2020-03-05T16:39:11Z	macOS	0.0608125123333333	0.0127687122065955	0.051150592	0.051825112	0.053391545	0.076061021	0.078865866	9	3	0.547312611	6294296
ipv4.R	print_address	2020-03-05T16:39:11Z	macOS	0.1341663685	0.00276505963028221	0.131236161	0.13304416875	0.1337609275	0.13488312725	0.137907458	4	0	0.536665474	2099752
ipv4.R	print_network	2020-03-05T16:39:11Z	macOS	0.195453354	0.0126955172063551	0.187416432	0.1881353555	0.188854279	0.199471815	0.210089351	3	1	0.586360062	2107416
ipv4.R	is_within	2020-03-05T16:39:11Z	macOS	0.00827405342622953	0.00428244549520807	0.00688328900000001	0.00732762900000003	0.00743507500000001	0.00763033100000002	0.03132032	61	2	0.504717259000001	1061832
ipv4.R	is_within_any	2020-03-05T16:39:11Z	macOS	0.0106886352553192	0.00357666566184701	0.00964299600000001	0.010029742	0.010171893	0.0102969445	0.03458698	47	1	0.502365857000001	1059992
ipv4.R	is_subnet	2020-03-05T16:39:11Z	macOS	0.013222426368421	0.008564047909601	0.00839097599999999	0.00896717474999998	0.0100151165	0.01131178475	0.036248786	38	5	0.502452202	3171776
ipv4.R	is_supernet	2020-03-05T16:39:11Z	macOS	0.0122055841707317	0.00773558270103603	0.00836586700000003	0.00898381700000001	0.00996252900000003	0.010155177	0.037461033	41	4	0.500428951000001	3159080
ipv4.R	prefix_length	2020-03-05T16:39:11Z	macOS	6.22772239409697e-05	0.000587534414430775	3.89729999999977e-05	4.35560000000002e-05	4.42899999999885e-05	4.55864999999861e-05	0.025457646	8404	5	0.523377789999909	0
ipv4.R	netmask	2020-03-05T16:39:11Z	macOS	0.011427113	0.00935683095062768	0.00509488600000002	0.00675348375000002	0.00754977850000001	0.00814267375000002	0.032484907	44	8	0.502792972000001	5255696
ipv4.R	hostmask	2020-03-05T16:39:11Z	macOS	0.0116852322272727	0.0149845508507609	0.00535457599999997	0.00696462325	0.00730673949999999	0.0076230225	0.097988586	44	7	0.514150217999999	5255696
ipv4.R	minimum	2020-03-05T16:39:11Z	macOS	0.0378586706428572	0.0141947746768789	0.021846229	0.02430727725	0.0376566145	0.050901331	0.055123584	14	7	0.530021389	14875968
ipv4.R	maximum	2020-03-05T16:39:11Z	macOS	0.0366275194666667	0.0129716991651147	0.023968243	0.0248920635	0.026465441	0.050241765	0.051940597	15	7	0.549412792	14693920
