ipv4.R	parse_address	2020-03-12T00:37:37Z	macOS	0.0358023042857143	0.0121592142743843	0.025922554	0.026375849	0.0277248555	0.0502854695	0.053800957	14	5	0.50123226	5251032
ipv4.R	parse_network	2020-03-12T00:37:37Z	macOS	0.0745768615714286	0.0334343328736284	0.0525420580000001	0.054315239	0.057881788	0.0788681815	0.145247344	7	3	0.522038031	6294296
ipv4.R	print_address	2020-03-12T00:37:37Z	macOS	0.13584611675	0.00202902261963479	0.133759117	0.13497622225	0.1354996995	0.136369594	0.138625951	4	0	0.543384467	2099752
ipv4.R	print_network	2020-03-12T00:37:37Z	macOS	0.195088284666667	0.00411080072964881	0.191134926	0.192962305	0.194789684	0.197064964	0.199340244	3	0	0.585264854	2107416
ipv4.R	is_within	2020-03-12T00:37:37Z	macOS	0.00836913203333335	0.00610086212463892	0.00629560299999998	0.00654100950000001	0.00673022750000002	0.00715659824999999	0.038842893	60	3	0.502147922000001	1065000
ipv4.R	is_within_any	2020-03-12T00:37:37Z	macOS	0.00988890231372548	0.00557578769874892	0.00770335399999994	0.00821084850000001	0.00846039700000001	0.00913605899999997	0.036835667	51	2	0.504334017999999	1059088
ipv4.R	is_subnet	2020-03-12T00:37:37Z	macOS	0.0136954975135136	0.0100329596010234	0.00821804900000006	0.00871726700000003	0.010048082	0.012386829	0.050310396	37	5	0.506733408000001	3172536
ipv4.R	is_supernet	2020-03-12T00:37:37Z	macOS	0.0121148129285714	0.00774351465364467	0.00817422800000001	0.00858390625000002	0.00938315650000002	0.010068797	0.035395731	42	4	0.508822143000001	3159832
ipv4.R	prefix_length	2020-03-12T00:37:37Z	macOS	6.07386972927532e-05	0.00061363816022466	4.02090000000133e-05	4.25139999999935e-05	4.3160999999986e-05	4.40989999999641e-05	0.027023303	8348	5	0.507046644999904	0
ipv4.R	netmask	2020-03-12T00:37:37Z	macOS	0.0116329969534884	0.0099819798679012	0.00506112200000003	0.00607130950000001	0.007149401	0.00748679600000002	0.036856519	43	9	0.500218869000001	5252696
ipv4.R	hostmask	2020-03-12T00:37:37Z	macOS	0.0120408877727273	0.0107128392376408	0.00528946600000002	0.00583265475000001	0.00724706100000003	0.00800540425	0.040900219	44	9	0.529799062000001	5252696
ipv4.R	minimum	2020-03-12T00:37:37Z	macOS	0.0417573894166667	0.0255913899529094	0.022851427	0.0247261155	0.028931282	0.05077280825	0.111225984	12	5	0.501088673	14873528
ipv4.R	maximum	2020-03-12T00:37:37Z	macOS	0.0373354327857143	0.012961078848559	0.023427801	0.02502442475	0.0367491985	0.04966035075	0.0514391710000001	14	7	0.522696059	14693920
