ipv4.R	parse_address	2020-03-15T01:45:53Z	macOS	0.0358386785714286	0.0122918258138535	0.02626594	0.0264507235	0.027720422	0.05057945525	0.054370958	14	5	0.5017415	5251032
ipv4.R	parse_network	2020-03-15T01:45:53Z	macOS	0.0726888827142857	0.0316206431244745	0.051878343	0.052264146	0.057156758	0.077994141	0.139270504	7	3	0.508822179	6294296
ipv4.R	print_address	2020-03-15T01:45:53Z	macOS	0.131856924	0.000234388748697546	0.131507671	0.1318289995	0.131960534	0.1319884585	0.131998957	4	0	0.527427696	2099752
ipv4.R	print_network	2020-03-15T01:45:53Z	macOS	0.195209581333333	0.012199847086397	0.186599835	0.1882290895	0.189858344	0.1995144545	0.209170565	3	1	0.585628744	2107416
ipv4.R	is_within	2020-03-15T01:45:53Z	macOS	0.00748010143283587	0.00411307167192783	0.00625752000000002	0.00664123750000004	0.00669321900000008	0.00692644350000002	0.031030712	67	2	0.501166796000003	1065000
ipv4.R	is_within_any	2020-03-15T01:45:53Z	macOS	0.00901488523214287	0.00444438860106691	0.00746665600000002	0.00795114325	0.00812056600000002	0.00848146500000005	0.032218285	56	2	0.504833573000001	1059088
ipv4.R	is_subnet	2020-03-15T01:45:53Z	macOS	0.013868980868421	0.0153076820538215	0.00767418799999997	0.00830072775000001	0.00916071649999997	0.010244785	0.094051242	38	5	0.527021273	3173512
ipv4.R	is_supernet	2020-03-15T01:45:53Z	macOS	0.0107768231428572	0.00654612569104938	0.00759750900000006	0.00910246300000001	0.00919935700000002	0.009287714	0.036671158	49	3	0.528064334000001	3159832
ipv4.R	prefix_length	2020-03-15T01:45:53Z	macOS	5.82111377985025e-05	0.0005362109308834	4.02510000000467e-05	4.26670000000517e-05	4.34290000000392e-05	4.44310000000114e-05	0.022451835	8585	5	0.499742618000144	0
ipv4.R	netmask	2020-03-15T01:45:53Z	macOS	0.01009667888	0.00812495584162725	0.00508434699999999	0.00669141300000002	0.00725378199999999	0.00747617475000001	0.030540179	50	7	0.504833944000001	5252696
ipv4.R	hostmask	2020-03-15T01:45:53Z	macOS	0.0107969184680851	0.00911034816831466	0.005451547	0.006938573	0.00747646099999999	0.00773570700000001	0.040384288	47	7	0.507455168000001	5252696
ipv4.R	minimum	2020-03-15T01:45:53Z	macOS	0.0316006775	0.011212050720442	0.020977373	0.0237187845	0.0255104145	0.04692783475	0.04838999	16	5	0.50561084	14873528
ipv4.R	maximum	2020-03-15T01:45:53Z	macOS	0.0356355529333333	0.0123503696692624	0.022739016	0.0250406775	0.026121257	0.0480806195	0.049597484	15	7	0.534533294	14693920
