ipv4.R	parse_address	2020-03-04T01:16:48Z	macOS	0.0344000278666667	0.0148116866833165	0.0264078670000001	0.026808508	0.027311144	0.0282635325	0.063168705	15	3	0.516000418	5245672
ipv4.R	parse_network	2020-03-04T01:16:48Z	macOS	0.066668534125	0.0192210855214576	0.052469981	0.0526939215	0.053049711	0.0882512140000001	0.09231684	8	3	0.533348273	6294296
ipv4.R	print_address	2020-03-04T01:16:48Z	macOS	0.1498214305	0.0172555172507656	0.140474662	0.141189694	0.1415591065	0.150190843	0.175692847	4	1	0.599285722	2109768
ipv4.R	print_network	2020-03-04T01:16:48Z	macOS	0.193886827	0.00124801620100585	0.192809831	0.1932029685	0.193596106	0.194425325	0.195254544	3	0	0.581660481	2107360
ipv4.R	is_within	2020-03-04T01:16:48Z	macOS	0.01000385852	0.00834484760061777	0.00724962299999998	0.00766812125000005	0.00792990100000002	0.00798306299999996	0.0427092459999999	50	3	0.500192926000001	1076544
ipv4.R	is_within_any	2020-03-04T01:16:48Z	macOS	0.0120377517380952	0.00760405084959798	0.00983678600000004	0.00994126000000001	0.0101333575	0.010553477	0.04564544	42	2	0.505585573	1059960
ipv4.R	is_subnet	2020-03-04T01:16:48Z	macOS	0.0166951285	0.0212565560812684	0.00855788099999999	0.00925872875000003	0.00996138100000005	0.01012805775	0.114781295	30	4	0.500853855	3174144
ipv4.R	is_supernet	2020-03-04T01:16:48Z	macOS	0.0117490576511628	0.00816283501138452	0.00899387700000009	0.00996920550000008	0.010061891	0.010113527	0.048877663	43	2	0.505209479000001	3159056
ipv4.R	prefix_length	2020-03-04T01:16:48Z	macOS	6.62306672409387e-05	0.000804007903960328	4.31260000000044e-05	4.56199999999685e-05	4.62255000000522e-05	4.69357500000323e-05	0.037761901	7546	4	0.499776615000123	0
ipv4.R	netmask	2020-03-04T01:16:48Z	macOS	0.0109195666086957	0.0108678705193785	0.00517923400000009	0.00721509325000003	0.00744066200000004	0.00754136575000006	0.0431997110000001	46	5	0.502300064000001	5255648
ipv4.R	hostmask	2020-03-04T01:16:48Z	macOS	0.0117455002093024	0.0125874495914902	0.004858472	0.00655554650000001	0.00719434500000005	0.00729595550000001	0.047170623	43	6	0.505056509000001	5255656
ipv4.R	minimum	2020-03-04T01:16:48Z	macOS	0.0318923827647059	0.0276892481362638	0.01153763	0.0136642600000001	0.0143977820000001	0.04806177	0.114422469	17	7	0.542170507	14875928
ipv4.R	maximum	2020-03-04T01:16:48Z	macOS	0.0295070562352941	0.0282564038687829	0.0112365560000001	0.012036907	0.013964286	0.04824242	0.117798925	17	6	0.501619956	14693920
