ipv4.R	parse_address	2020-02-28T01:13:13Z	macOS	0.0369953297142857	0.0142060435398494	0.0265847180000001	0.02770500825	0.0291347395	0.0494793705	0.064923348	14	4	0.517934616	5245672
ipv4.R	parse_network	2020-02-28T01:13:13Z	macOS	0.0809682281428572	0.0378175873812025	0.053494986	0.055270065	0.05984714	0.094357805	0.154179731	7	3	0.566777597	6294296
ipv4.R	print_address	2020-02-28T01:13:13Z	macOS	0.154958016	0.0181004010736809	0.140077132	0.14550256525	0.149273126	0.15872857675	0.18120868	4	0	0.619832064	2109768
ipv4.R	print_network	2020-02-28T01:13:13Z	macOS	0.204762905	0.0160675893199754	0.189044581	0.196565182	0.204085783	0.212622067	0.221158351	3	0	0.614288715	2107360
ipv4.R	is_within	2020-02-28T01:13:13Z	macOS	0.00859124249152541	0.00408245561678308	0.00737610499999997	0.007712092	0.00795208199999997	0.00830069700000002	0.039105394	59	1	0.506883306999999	1106888
ipv4.R	is_within_any	2020-02-28T01:13:13Z	macOS	0.00849542420338985	0.00397618077716255	0.00696665299999999	0.00775598550000001	0.007936579	0.00824799850000002	0.0382204370000001	59	1	0.501230028000001	1059960
ipv4.R	is_subnet	2020-02-28T01:13:13Z	macOS	0.00863466001724144	0.00533897937564144	0.00694979600000012	0.00747569725000008	0.00762584050000004	0.00775825225000004	0.0368568270000001	58	2	0.500810281000003	1061768
ipv4.R	is_supernet	2020-02-28T01:13:13Z	macOS	0.00797029731746034	0.00377257826456039	0.0071318010000001	0.00738185700000005	0.00748693499999997	0.00758725350000006	0.037392668	63	1	0.502128731000001	1059272
ipv4.R	prefix_length	2020-02-28T01:13:13Z	macOS	6.08830346314737e-05	0.000677154741559571	3.80209999999437e-05	4.12999999999109e-05	4.22139999999294e-05	4.35409999999248e-05	0.028651703	8345	5	0.508068923999648	6744
ipv4.R	netmask	2020-02-28T01:13:13Z	macOS	0.0149023189705882	0.0083264652746067	0.010348697	0.0120841610000001	0.012275845	0.0132166629999999	0.0418622000000001	34	3	0.506678845	5256112
ipv4.R	hostmask	2020-02-28T01:13:13Z	macOS	0.0181623765714286	0.0118868777614168	0.010358396	0.01184376225	0.0123629005000001	0.0136762240000001	0.0448068300000001	28	6	0.508546544000002	5256128
ipv4.R	minimum	2020-02-28T01:13:13Z	macOS	0.0335996471333334	0.0135416503472083	0.021317428	0.0245464990000001	0.025685288	0.0511718335	0.053115647	15	5	0.503994707000001	14896568
ipv4.R	maximum	2020-02-28T01:13:13Z	macOS	0.0384977570769231	0.0147609205331946	0.023366218	0.025254069	0.028347403	0.053330891	0.0558254010000001	13	6	0.500470842	14693920
