ipv4.R	parse_address	2020-03-04T01:00:24Z	macOS	0.0340413010666667	0.0137489897148832	0.026349266	0.0268131125	0.02766101	0.02865535	0.0625820460000001	15	3	0.510619516	5245672
ipv4.R	parse_network	2020-03-04T01:00:24Z	macOS	0.06590802825	0.0178432264836105	0.05263673	0.0527103565000001	0.053571813	0.0852485155	0.0904435260000001	8	3	0.527264226	6294296
ipv4.R	print_address	2020-03-04T01:00:24Z	macOS	0.14893818425	0.0156329953139297	0.140007043	0.14013987925	0.1417334045	0.1505317095	0.172278885	4	1	0.595752737	2109768
ipv4.R	print_network	2020-03-04T01:00:24Z	macOS	0.192157098333333	0.000642164953045784	0.191689507	0.1917910045	0.191892502	0.192390894	0.192889286	3	0	0.576471295	2107360
ipv4.R	is_within	2020-03-04T01:00:24Z	macOS	0.01013128032	0.00792928099167162	0.00726072799999999	0.00775717100000009	0.0079343805	0.00811020674999996	0.0416217790000001	50	3	0.506564016000001	1076544
ipv4.R	is_within_any	2020-03-04T01:00:24Z	macOS	0.0119228948095238	0.00718326286595638	0.00981755799999995	0.01002684625	0.010327789	0.0105458275	0.0441220490000001	42	2	0.500761581999999	1059960
ipv4.R	is_subnet	2020-03-04T01:00:24Z	macOS	0.0167428110333333	0.0213176613439798	0.00871095999999993	0.00938384350000002	0.010200209	0.01044335575	0.116764698	30	4	0.502284331	3174144
ipv4.R	is_supernet	2020-03-04T01:00:24Z	macOS	0.0117321170697675	0.0075887928899088	0.00909226899999993	0.0100582	0.010144168	0.0102567105	0.045649747	43	2	0.504481034000001	3159056
ipv4.R	prefix_length	2020-03-04T01:00:24Z	macOS	6.12450411764595e-05	0.000728109624461647	4.07639999999709e-05	4.30339999999418e-05	4.37245000000086e-05	4.45490000000603e-05	0.035127624	8160	4	0.49975953599991	0
ipv4.R	netmask	2020-03-04T01:00:24Z	macOS	0.0107449624255319	0.0105692396815409	0.00532408700000009	0.007017775	0.00745321300000001	0.00766265599999999	0.04432328	47	5	0.505013234000001	5255648
ipv4.R	hostmask	2020-03-04T01:00:24Z	macOS	0.0125946516428572	0.0127787316402222	0.00494625300000007	0.00683261900000004	0.00730765300000003	0.00747282124999998	0.04854066	42	7	0.528975369000001	5255656
ipv4.R	minimum	2020-03-04T01:00:24Z	macOS	0.0265332706	0.0177163400333235	0.00967447799999999	0.0120949144999999	0.0139590955	0.0451896072500001	0.0570959999999999	20	8	0.530665412	14875928
ipv4.R	maximum	2020-03-04T01:00:24Z	macOS	0.03294672625	0.029019601595727	0.011332742	0.0121085702500001	0.0142960275	0.047042114	0.117720323	16	7	0.52714762	14693920
