ipv4.R	parse_address	2020-03-16T05:09:38Z	macOS	0.0372101100714286	0.0131527532908999	0.025942946	0.02709985725	0.029287434	0.0504944352499999	0.0618009429999999	14	5	0.520941541	5251032
ipv4.R	parse_network	2020-03-16T05:09:38Z	macOS	0.0755037605714286	0.0335413917263303	0.0528628489999999	0.055103521	0.0589760459999999	0.0798394705000001	0.146801446	7	3	0.528526324	6294296
ipv4.R	print_address	2020-03-16T05:09:38Z	macOS	0.136188092	0.00112733720868632	0.135198478	0.13558242175	0.135878944	0.13648461425	0.137796002	4	0	0.544752368	2099752
ipv4.R	print_network	2020-03-16T05:09:38Z	macOS	0.197964003333333	0.0131601427099168	0.187630135	0.190556178	0.193482221	0.2031309375	0.212779654	3	1	0.59389201	2107416
ipv4.R	is_within	2020-03-16T05:09:38Z	macOS	0.00771999838461539	0.00432361146616631	0.00631248399999995	0.00668575100000002	0.00693129199999998	0.00707708000000007	0.031638627	65	2	0.501799895000001	1065000
ipv4.R	is_within_any	2020-03-16T05:09:38Z	macOS	0.00904015430357144	0.00461328105212122	0.00731486100000001	0.00790966775000002	0.00813980850000001	0.00839610200000007	0.033627073	56	2	0.506248641000001	1059088
ipv4.R	is_subnet	2020-03-16T05:09:38Z	macOS	0.0138433179268293	0.0160305274221245	0.00755798600000002	0.00825205500000004	0.00910465800000004	0.010123311	0.101904781	41	5	0.567576035	3173512
ipv4.R	is_supernet	2020-03-16T05:09:38Z	macOS	0.0104749387916667	0.00544349830193923	0.00785702300000002	0.00900858525000006	0.00915922650000006	0.00965938375	0.036176574	48	2	0.502797062000002	3159832
ipv4.R	prefix_length	2020-03-16T05:09:38Z	macOS	5.91856372688947e-05	0.000580786854633876	3.93490000001329e-05	4.16937500000159e-05	4.24720000000156e-05	4.378200000002e-05	0.026457558	8436	5	0.499290036000396	0
ipv4.R	netmask	2020-03-16T05:09:38Z	macOS	0.0104920355510204	0.0088111640788251	0.00516593900000006	0.00678743300000006	0.007232507	0.00779129700000003	0.0343002529999999	49	7	0.514109742000001	5252672
ipv4.R	hostmask	2020-03-16T05:09:38Z	macOS	0.0107936940833334	0.00923963143253279	0.00537634600000003	0.00706792075000007	0.00733778400000007	0.00768651024999997	0.038939445	48	7	0.518097316000002	5252680
ipv4.R	minimum	2020-03-16T05:09:38Z	macOS	0.0375337340714286	0.014312687948603	0.020818451	0.0240523537500001	0.0372924940000001	0.049718949	0.059254356	14	7	0.525472277000001	14873528
ipv4.R	maximum	2020-03-16T05:09:38Z	macOS	0.0364794513571429	0.0133082192221907	0.022781018	0.02486412275	0.0283641375000001	0.05034167925	0.0550496069999999	14	6	0.510712319	14693920
