ipv4.R	parse_address	2020-03-04T16:35:51Z	macOS	0.0332331235625	0.0103727144110599	0.026110163	0.02822806875	0.029885822	0.031035413	0.059580966	16	2	0.531729977	5253968
ipv4.R	parse_network	2020-03-04T16:35:51Z	macOS	0.06872449975	0.0199290108023886	0.052436389	0.05446887275	0.056184973	0.08697837925	0.100484771	8	3	0.549795998	6294296
ipv4.R	print_address	2020-03-04T16:35:51Z	macOS	0.143486367	0.00306115272254041	0.139289735	0.14276549075	0.1440081725	0.14472904875	0.146639388	4	0	0.573945468	2099752
ipv4.R	print_network	2020-03-04T16:35:51Z	macOS	0.205767365666667	0.00802847366633858	0.198497254	0.20145908	0.204420906	0.2094024215	0.214383937	3	0	0.617302097	2107360
ipv4.R	is_within	2020-03-04T16:35:51Z	macOS	0.00879362812280704	0.00526664426213019	0.00718824600000006	0.00758090700000003	0.00767972099999997	0.00795237800000004	0.0368655210000001	57	2	0.501236803000001	1061792
ipv4.R	is_within_any	2020-03-04T16:35:51Z	macOS	0.0122754268780488	0.00605539927605187	0.009872679	0.010367576	0.010764162	0.011667795	0.039215313	41	2	0.503292502	1059960
ipv4.R	is_subnet	2020-03-04T16:35:51Z	macOS	0.0132505211578948	0.00935134089779359	0.008597032	0.00925992825000004	0.01007855	0.01176976075	0.042825731	38	4	0.503519804000001	3171744
ipv4.R	is_supernet	2020-03-04T16:35:51Z	macOS	0.0144516423714286	0.0108123965115688	0.00877500900000006	0.00962888200000001	0.010439734	0.012501107	0.050859111	35	4	0.505807483000001	3159056
ipv4.R	prefix_length	2020-03-04T16:35:51Z	macOS	6.27577539872101e-05	0.000615574588767141	4.30350000000246e-05	4.54735000000317e-05	4.62780000000662e-05	4.75769999999931e-05	0.027836664	7963	4	0.499739995000154	0
ipv4.R	netmask	2020-03-04T16:35:51Z	macOS	0.012062252372093	0.0108127032486271	0.00545325200000002	0.00668512050000003	0.00739923000000003	0.0078086275	0.035792992	43	8	0.518676852000001	5255648
ipv4.R	hostmask	2020-03-04T16:35:51Z	macOS	0.01265242745	0.0174575829383292	0.005328424	0.00709826025	0.00735986799999999	0.00796876775000002	0.107946188	40	6	0.506097098000001	5255656
ipv4.R	minimum	2020-03-04T16:35:51Z	macOS	0.0366549725714286	0.014445554117867	0.023065508	0.025798126	0.0280611605	0.05316602925	0.058529804	14	5	0.513169616	14875928
ipv4.R	maximum	2020-03-04T16:35:51Z	macOS	0.0421068120833333	0.0182461205876781	0.023658042	0.025285326	0.0399077564999999	0.05770583175	0.068171371	12	6	0.505281745	14693920
