ipv4.R	parse_address	2020-03-12T00:49:43Z	macOS	0.0366772042857143	0.0127758141734963	0.025958166	0.02647221575	0.0294808325	0.05124708025	0.055585283	14	5	0.51348086	5251032
ipv4.R	parse_network	2020-03-12T00:49:43Z	macOS	0.0804328498571429	0.0357862757277323	0.0550558580000001	0.059872934	0.0683116750000001	0.0812764615	0.157363625	7	3	0.563029949	6294296
ipv4.R	print_address	2020-03-12T00:49:43Z	macOS	0.1396334135	0.00241979164292581	0.137677134	0.13843793025	0.138847041	0.14004252425	0.143162438	4	0	0.558533654	2099752
ipv4.R	print_network	2020-03-12T00:49:43Z	macOS	0.200583899666667	0.019701896835398	0.187997971	0.189231314	0.190464657	0.206876864	0.223289071	3	0	0.601751699	2107416
ipv4.R	is_within	2020-03-12T00:49:43Z	macOS	0.00866783010344829	0.00571254599190469	0.00633955800000002	0.00669791100000001	0.00709964200000004	0.00772355350000002	0.034196274	58	3	0.502734146000001	1065000
ipv4.R	is_within_any	2020-03-12T00:49:43Z	macOS	0.00945777618867926	0.0050945950229796	0.00766391900000002	0.008004501	0.00824987599999999	0.00850988699999999	0.033791682	53	2	0.501262138000001	1059088
ipv4.R	is_subnet	2020-03-12T00:49:43Z	macOS	0.0139367819722222	0.0098224374066888	0.00839519500000002	0.00899021424999999	0.00990669499999999	0.01243839525	0.039180089	36	5	0.501724151000001	3172536
ipv4.R	is_supernet	2020-03-12T00:49:43Z	macOS	0.0118398609069768	0.0080403753719848	0.00787596899999998	0.00853131700000001	0.00911086200000005	0.00947061100000005	0.039099533	43	4	0.509114019000001	3159832
ipv4.R	prefix_length	2020-03-12T00:49:43Z	macOS	5.87101500235128e-05	0.000568699426414572	3.90820000000236e-05	4.19267500000042e-05	4.27159999999982e-05	4.36589999999737e-05	0.024389752	8512	5	0.499740797000141	0
ipv4.R	netmask	2020-03-12T00:49:43Z	macOS	0.0111698755555556	0.00956825667703757	0.004796729	0.00574550300000004	0.00699165600000001	0.00763488800000001	0.033864943	45	9	0.502644400000001	5252696
ipv4.R	hostmask	2020-03-12T00:49:43Z	macOS	0.0116679656744186	0.0100689466374613	0.00522707100000003	0.00574349400000004	0.00707249400000004	0.00771575299999999	0.032046603	43	9	0.501722524000001	5252696
ipv4.R	minimum	2020-03-12T00:49:43Z	macOS	0.0418005935833333	0.0258155920618939	0.021935292	0.02432574325	0.0358039035	0.0498358065	0.113409769	12	6	0.501607123	14873528
ipv4.R	maximum	2020-03-12T00:49:43Z	macOS	0.0395465156923077	0.0164173843229978	0.021905848	0.024355513	0.046976571	0.048216091	0.073081027	13	6	0.514104704	14693920

ipv6.R	parse_address	2020-03-12T00:49:52Z	macOS	0.0567166942222222	0.0112195962176205	0.052037753	0.052818798	0.0531787870000001	0.0533492	0.086607957	9	1	0.510450248	5245672
ipv6.R	parse_network	2020-03-12T00:49:52Z	macOS	0.105258499	0.0119990607148151	0.0963281959999999	0.098248333	0.100836128	0.104948563	0.125931275	5	1	0.526292495	6294296
ipv6.R	print_address	2020-03-12T00:49:52Z	macOS	0.1224456592	0.00259173864997315	0.11894289	0.12081507	0.122707857	0.124820522	0.124941957	5	0	0.612228296	2099752
ipv6.R	print_network	2020-03-12T00:49:52Z	macOS	0.186521415333333	0.0127115785758869	0.179092073	0.179182568	0.179273063	0.1902360865	0.20119911	3	0	0.559564246	2099752
ipv6.R	is_within	2020-03-12T00:49:52Z	macOS	0.0178009890344828	0.00629967564909198	0.0152164410000001	0.015699333	0.0165004280000001	0.0167189870000001	0.047025447	29	1	0.516228682000001	1051176
ipv6.R	is_within_any	2020-03-12T00:49:52Z	macOS	0.0361804913571429	0.00147252861251922	0.0343351750000001	0.03509464775	0.03609424	0.0368426635	0.039879884	14	0	0.506526879	1051176
ipv6.R	is_subnet	2020-03-12T00:49:52Z	macOS	0.0213326687083334	0.00910498450342707	0.016289007	0.01820115625	0.0189817415	0.019656904	0.051520701	24	2	0.511984049	3148424
ipv6.R	is_supernet	2020-03-12T00:49:52Z	macOS	0.02132930875	0.0102903967432819	0.016774292	0.01776733825	0.0182722135	0.019264887	0.055924382	24	2	0.51190341	3148424
ipv6.R	prefix_length	2020-03-12T00:49:52Z	macOS	6.52566571353845e-05	0.000884750893345247	3.85390000000041e-05	4.23569999999929e-05	4.30510000000162e-05	4.38449999999868e-05	0.053735033	7659	4	0.49980073699991	0
ipv6.R	netmask	2020-03-12T00:49:52Z	macOS	0.0149753537222222	0.00917124977239346	0.010478282	0.01209281325	0.01223829	0.01256880925	0.0455405	36	3	0.539112734000001	5245672
ipv6.R	hostmask	2020-03-12T00:49:52Z	macOS	0.0163469591290323	0.00955169676019813	0.011314154	0.0129450145	0.013576379	0.014031167	0.046074448	31	3	0.506755733000001	5245672
ipv6.R	minimum	2020-03-12T00:49:52Z	macOS	0.0435714658333334	0.0160642638899658	0.029527092	0.03072427775	0.03180105	0.05880331375	0.069063003	12	5	0.52285759	14683296
ipv6.R	maximum	2020-03-12T00:49:52Z	macOS	0.0476008767272727	0.0174977393129139	0.030435843	0.0319645565	0.035160424	0.0658150035	0.067871437	11	5	0.523609644	14683296
