ipv4.R	parse_address	2020-03-22T20:40:31Z	macOS	0.0557061977272727	0.0349201370155032	0.026109864	0.038118723	0.040975938	0.0669396875	0.149790617	11	4	0.612768175	5250528
ipv4.R	parse_network	2020-03-22T20:40:31Z	macOS	0.066301081625	0.010296109811931	0.05313857	0.0597287325	0.06348889	0.073480444	0.083813125	8	1	0.530408653	6294296
ipv4.R	print_address	2020-03-22T20:40:31Z	macOS	0.14653778725	0.00566189981945226	0.140584647	0.142910262	0.1459982845	0.14962580975	0.153569933	4	0	0.586151149	2099752
ipv4.R	print_network	2020-03-22T20:40:31Z	macOS	0.202023926666667	0.0151769415488262	0.189240533	0.1936372645	0.198033996	0.2084156235	0.218797251	3	1	0.60607178	2107392
ipv4.R	is_within	2020-03-22T20:40:31Z	macOS	0.00887267326315792	0.00498209555466194	0.00633372500000007	0.00716025800000003	0.00806652600000002	0.00872570100000003	0.036114727	57	2	0.505742376000001	1066248
ipv4.R	is_within_any	2020-03-22T20:40:31Z	macOS	0.00913494347272729	0.00503698006450337	0.00735307600000001	0.00790362350000001	0.00809568900000002	0.00852645700000002	0.0449357520000001	55	1	0.502421891000001	1060792
ipv4.R	is_subnet	2020-03-22T20:40:31Z	macOS	0.0146563545555556	0.0112329527896916	0.00781914700000008	0.00929448100000008	0.01033352	0.01181570975	0.048482238	36	5	0.527628764000001	3275448
ipv4.R	is_supernet	2020-03-22T20:40:31Z	macOS	0.0124588228780488	0.00868577671971865	0.00764400000000004	0.00877718500000002	0.00951531	0.011291019	0.04321978	41	4	0.510811738000001	3161088
ipv4.R	prefix_length	2020-03-22T20:40:31Z	macOS	4.51513540001698e-06	2.15869744589982e-06	3.24800000001124e-06	3.74699999999839e-06	3.94900000003084e-06	4.52749999999003e-06	7.43570000000249e-05	10000	0	0.0451513540001698	0
ipv4.R	netmask	2020-03-22T20:40:31Z	macOS	0.0135655031315789	0.0119505043962055	0.00531916799999999	0.00680720424999999	0.0076778415	0.00883903225000003	0.044390222	38	9	0.515489119	5252176
ipv4.R	hostmask	2020-03-22T20:40:31Z	macOS	0.0125800644	0.0157480379913072	0.00535583000000001	0.00719395375000002	0.00813775650000001	0.00947517450000002	0.097684899	40	5	0.503202576000001	5252192
ipv4.R	minimum	2020-03-22T20:40:31Z	macOS	0.0389390967692308	0.0153306594186977	0.023193378	0.027924063	0.032185404	0.054097201	0.065155272	13	5	0.506208258	14873504
ipv4.R	maximum	2020-03-22T20:40:31Z	macOS	0.0428901821538462	0.019776704115073	0.0224786770000001	0.0250062620000001	0.030046583	0.0621449670000001	0.070675889	13	6	0.557572368000001	14693920

ipv6.R	parse_address	2020-03-22T20:40:39Z	macOS	0.067630998625	0.0165424336381561	0.050270128	0.05434578525	0.0659348655	0.07190359575	0.098945066	8	1	0.541047989	5245672
ipv6.R	parse_network	2020-03-22T20:40:39Z	macOS	0.1294091375	0.0270111327456143	0.095680394	0.1138113365	0.133750239	0.14934804	0.154455678	4	1	0.51763655	6294296
ipv6.R	print_address	2020-03-22T20:40:39Z	macOS	0.1561412295	0.0276619620332014	0.132510641	0.13383528575	0.1512889235	0.17359486725	0.18947643	4	0	0.624564918	2099752
ipv6.R	print_network	2020-03-22T20:40:39Z	macOS	0.217915291	0.0226362476418064	0.203436763	0.204872564	0.206308365	0.225154555	0.244000745	3	0	0.653745873	2099752
ipv6.R	is_within	2020-03-22T20:40:39Z	macOS	0.0201241386	0.00656756027985423	0.015840782	0.016238638	0.019463356	0.0211723619999999	0.049861318	25	1	0.503103465	1051176
ipv6.R	is_within_any	2020-03-22T20:40:39Z	macOS	0.0432087173333334	0.00823189278402573	0.0352692590000001	0.0359471970000001	0.0414021220000001	0.0489495645000001	0.0574104380000001	12	0	0.518504608000001	1051176
ipv6.R	is_subnet	2020-03-22T20:40:39Z	macOS	0.0225642238695652	0.00897744153518693	0.01885955	0.0198360815	0.020310669	0.0213321285	0.063011615	23	1	0.518977149	3148424
ipv6.R	is_supernet	2020-03-22T20:40:39Z	macOS	0.0222846954347826	0.0113169761753091	0.016702147	0.018054804	0.018172431	0.0208304215	0.062627638	23	2	0.512547995	3148424
ipv6.R	prefix_length	2020-03-22T20:40:39Z	macOS	4.53562970004517e-06	2.27479741386048e-06	3.14000000001258e-06	3.51700000005006e-06	3.73500000006022e-06	5.06700000002525e-06	9.05770000000361e-05	10000	0	0.0453562970004517	0
ipv6.R	netmask	2020-03-22T20:40:39Z	macOS	0.0165300967096774	0.009773270527628	0.010909931	0.0127573265	0.013345455	0.0142571505	0.048965716	31	3	0.512432998000001	5245672
ipv6.R	hostmask	2020-03-22T20:40:39Z	macOS	0.0189761800370371	0.012159444534702	0.012292706	0.014321249	0.014757963	0.015841523	0.0568830850000001	27	3	0.512356861	5245672
ipv6.R	minimum	2020-03-22T20:40:39Z	macOS	0.0573102056666667	0.0266773541971191	0.031961072	0.037512979	0.041473875	0.0757158470000001	0.108778388	9	4	0.515791851	14683296
ipv6.R	maximum	2020-03-22T20:40:39Z	macOS	0.0448959625	0.0153276458853724	0.032409154	0.03549735525	0.0379008765	0.04706598325	0.074422238	12	3	0.53875155	14683296
