ipv4.R	parse_address	2020-03-04T16:30:53Z	macOS	0.0392616803076923	0.0166716179506768	0.026986087	0.027771435	0.030013484	0.044275192	0.06961536	13	3	0.510401844	5245672
ipv4.R	parse_network	2020-03-04T16:30:53Z	macOS	0.073247712	0.0199165480645817	0.053700031	0.05780199175	0.064799909	0.09136852	0.104383508	8	3	0.585981696	6294296
ipv4.R	print_address	2020-03-04T16:30:53Z	macOS	0.160432061	0.00662414883735166	0.153553285	0.15621777325	0.1596928265	0.16390711425	0.168789306	4	0	0.641728244	2109768
ipv4.R	print_network	2020-03-04T16:30:53Z	macOS	0.230137190666667	0.028580858146893	0.202678501	0.215345023	0.228011545	0.2438665355	0.259721526	3	0	0.690411572	2107360
ipv4.R	is_within	2020-03-04T16:30:53Z	macOS	0.0109940736956522	0.00907805355916646	0.007477597	0.00798570150000003	0.00808934350000001	0.00870999625000003	0.047105015	46	3	0.505727390000001	1076544
ipv4.R	is_within_any	2020-03-04T16:30:53Z	macOS	0.013738763027027	0.00913808136341029	0.00998575200000001	0.01039697	0.010669987	0.011941868	0.052152139	37	2	0.508334232000001	1059960
ipv4.R	is_subnet	2020-03-04T16:30:53Z	macOS	0.02085080325	0.0273216512339985	0.00940935000000001	0.0102979325	0.0126317985	0.01520078425	0.140036489	24	3	0.500419278	3174144
ipv4.R	is_supernet	2020-03-04T16:30:53Z	macOS	0.0135780301621622	0.0106583567284458	0.00901953600000002	0.01007525	0.010214931	0.010901947	0.058565894	37	2	0.502387116000001	3159056
ipv4.R	prefix_length	2020-03-04T16:30:53Z	macOS	7.36856831785229e-05	0.000888563575836437	4.41310000000028e-05	4.66479999999825e-05	4.74789999999892e-05	4.96159999999746e-05	0.040475659	6783	4	0.499809988999921	0
ipv4.R	netmask	2020-03-04T16:30:53Z	macOS	0.0130158881025641	0.0133938757269527	0.00542462499999999	0.00777712249999998	0.00845451599999997	0.00944914699999999	0.06158336	39	4	0.507619636	5255648
ipv4.R	hostmask	2020-03-04T16:30:53Z	macOS	0.0136621882432433	0.0146494723787091	0.005344289	0.00694602400000002	0.007458609	0.00906715600000002	0.050243276	37	6	0.505500965000001	5255656
ipv4.R	minimum	2020-03-04T16:30:53Z	macOS	0.0369434156	0.031900758149552	0.011591864	0.015857011	0.017571377	0.0530503005	0.108610879	15	5	0.554151234	14875928
ipv4.R	maximum	2020-03-04T16:30:53Z	macOS	0.0321859807058824	0.0224651711006975	0.011580774	0.013933643	0.016881109	0.055064525	0.07094246	17	6	0.547161672	14693920
