ipv4.R	parse_address	2020-03-17T01:44:58Z	macOS	0.0365222925	0.0132831151353177	0.025547103	0.02621557525	0.028411152	0.0520707465	0.056464995	14	5	0.511312095	5251032
ipv4.R	parse_network	2020-03-17T01:44:58Z	macOS	0.07844973	0.0334962710247468	0.056375643	0.0566755595	0.05766742	0.0873532025	0.147047523	7	3	0.54914811	6294296
ipv4.R	print_address	2020-03-17T01:44:58Z	macOS	0.13722604025	0.00100116435880143	0.135766559	0.13708206575	0.1375464325	0.137690407	0.138044737	4	0	0.548904161	2099752
ipv4.R	print_network	2020-03-17T01:44:58Z	macOS	0.234136311	0.0218957267510206	0.213090136	0.222808122	0.232526108	0.2446593985	0.256792689	3	1	0.702408933	2107416
ipv4.R	is_within	2020-03-17T01:44:58Z	macOS	0.00810474332258066	0.00455191395839471	0.00643088200000003	0.00691266075000002	0.00718679100000005	0.00749851175000002	0.032813346	62	2	0.502494086000001	1065000
ipv4.R	is_within_any	2020-03-17T01:44:58Z	macOS	0.00947296990566039	0.0050791276948383	0.00766613900000002	0.00807710800000006	0.00826619899999997	0.00893665400000004	0.034881151	53	2	0.502067405000001	1059088
ipv4.R	is_subnet	2020-03-17T01:44:58Z	macOS	0.0139051869069768	0.0155330528050493	0.00797880099999998	0.00863882050000001	0.00942379500000001	0.00977316650000001	0.101004476	43	5	0.597923037000001	3173512
ipv4.R	is_supernet	2020-03-17T01:44:58Z	macOS	0.0108307562765958	0.00567012316229913	0.00821147700000002	0.00936489800000004	0.00947381500000005	0.01005748	0.03739687	47	2	0.509045545000001	3159832
ipv4.R	prefix_length	2020-03-17T01:44:58Z	macOS	6.3359562738127e-05	0.000649257484368975	3.99930000000159e-05	4.24010000000252e-05	4.31550000000169e-05	5.09479999999951e-05	0.029953959	8137	5	0.51555676200014	0
ipv4.R	netmask	2020-03-17T01:44:58Z	macOS	0.0105118835918368	0.00889441949377449	0.00503867000000002	0.00645503200000003	0.00742568100000002	0.00761698999999999	0.03315622	49	7	0.515082296000001	5252672
ipv4.R	hostmask	2020-03-17T01:44:58Z	macOS	0.0110282239791667	0.00935087914537096	0.00558422400000003	0.00709654499999998	0.007576159	0.00779771125000001	0.040229676	48	7	0.529354751000001	5252680
ipv4.R	minimum	2020-03-17T01:44:58Z	macOS	0.0386311611428572	0.0150506959181012	0.022998319	0.024396341	0.0379124865	0.05118355625	0.061198585	14	7	0.540836256	14873528
ipv4.R	maximum	2020-03-17T01:44:58Z	macOS	0.0368276157857143	0.0137969931366459	0.023891458	0.0245961365	0.0273986635	0.051175048	0.055274791	14	6	0.515586621	14693920
