ipv4.R	parse_address	2020-03-13T02:19:10Z	macOS	0.0362912202142857	0.0128141380235462	0.025762837	0.02677421775	0.027917017	0.05186315375	0.054422636	14	5	0.508077083	5251032
ipv4.R	parse_network	2020-03-13T02:19:10Z	macOS	0.0883646738333333	0.0315378548111213	0.051222784	0.0758498175	0.083407554	0.09057537375	0.145854932	6	3	0.530188043	6294296
ipv4.R	print_address	2020-03-13T02:19:10Z	macOS	0.15449550275	0.00603105561724115	0.145542309	0.1539120615	0.156877134	0.15746057525	0.158685434	4	0	0.617982011	2099752
ipv4.R	print_network	2020-03-13T02:19:10Z	macOS	0.204945061333333	0.00068307417436932	0.204189577	0.204658054	0.205126531	0.2053228035	0.205519076	3	0	0.614835184	2107416
ipv4.R	is_within	2020-03-13T02:19:10Z	macOS	0.00828867095081966	0.00494345206152788	0.00636638299999998	0.00682091599999995	0.00734114699999999	0.00788397099999999	0.036394802	61	2	0.505608927999999	1065000
ipv4.R	is_within_any	2020-03-13T02:19:10Z	macOS	0.00906299139285714	0.00469017961769282	0.007517779	0.00790628475000001	0.00803198550000001	0.00813247975	0.033161301	56	2	0.507527518	1059088
ipv4.R	is_subnet	2020-03-13T02:19:10Z	macOS	0.0125503121	0.00908034979026563	0.00775603000000008	0.00833349050000003	0.00915868650000004	0.01000151925	0.040548673	40	5	0.502012484000002	3173520
ipv4.R	is_supernet	2020-03-13T02:19:10Z	macOS	0.0123283841707317	0.0141806360273759	0.007798798	0.00861158299999998	0.00919693099999996	0.00947104599999998	0.095391529	41	3	0.505463751	3159832
ipv4.R	prefix_length	2020-03-13T02:19:10Z	macOS	6.18409752800951e-05	0.000594794247056948	3.99039999999795e-05	4.29065000000367e-05	4.36785000000051e-05	4.56670000000131e-05	0.025322438	8212	5	0.507838089000141	0
ipv4.R	netmask	2020-03-13T02:19:10Z	macOS	0.0106093991836735	0.00898363705509142	0.00495192400000005	0.00670091500000003	0.00739495600000001	0.007969269	0.034713512	49	7	0.519860560000001	5252696
ipv4.R	hostmask	2020-03-13T02:19:10Z	macOS	0.0107565786666667	0.00913372781209305	0.00543892700000004	0.0068715025	0.00743827500000005	0.00752992300000008	0.039760256	48	7	0.516315776000002	5252696
ipv4.R	minimum	2020-03-13T02:19:10Z	macOS	0.0369652448571429	0.0133537689193612	0.022540038	0.02439213525	0.036981742	0.04978086175	0.0527556180000001	14	7	0.517513428000001	14873528
ipv4.R	maximum	2020-03-13T02:19:10Z	macOS	0.0359302127142857	0.013163976171528	0.022843371	0.024762419	0.028262989	0.04881109075	0.056486001	14	6	0.503022978	14693920
