ipv4.R	parse_address	2020-03-07T18:11:20Z	macOS	0.0372098527857143	0.012691448354578	0.0268581700000001	0.0275229235	0.0293927555	0.05205841375	0.0561336140000001	14	5	0.520937939000001	5251032
ipv4.R	parse_network	2020-03-07T18:11:20Z	macOS	0.0718026865714286	0.0317226959129783	0.051901864	0.053349981	0.05345327	0.0756002325	0.139363245	7	3	0.502618806	6294296
ipv4.R	print_address	2020-03-07T18:11:20Z	macOS	0.131499194	0.000400192681229951	0.131072298	0.131233611	0.1314743965	0.1317399795	0.131975685	4	0	0.525996776	2099752
ipv4.R	print_network	2020-03-07T18:11:20Z	macOS	0.185954432333333	0.000770847981734604	0.185197544	0.1855623885	0.185927233	0.1863328765	0.18673852	3	0	0.557863297	2107408
ipv4.R	is_within	2020-03-07T18:11:20Z	macOS	0.00784622465624997	0.00507683645232027	0.00626281299999998	0.00650149224999998	0.00666296399999997	0.00684509649999997	0.030882649	64	3	0.502158377999998	1061832
ipv4.R	is_within_any	2020-03-07T18:11:20Z	macOS	0.00871421451724134	0.00441036794647583	0.00712970800000001	0.00757947874999998	0.00796793999999998	0.00819162449999998	0.0320626259999999	58	2	0.505424441999998	1059992
ipv4.R	is_subnet	2020-03-07T18:11:20Z	macOS	0.0130736729487179	0.00928187726902808	0.007977911	0.00843358999999999	0.00894729399999999	0.011964374	0.036818099	39	6	0.509873245	3171776
ipv4.R	is_supernet	2020-03-07T18:11:20Z	macOS	0.0114710262272727	0.00740894566954794	0.00791860599999999	0.00835918924999997	0.00930159650000001	0.00944357499999998	0.03474121	44	4	0.504725153999999	3159080
ipv4.R	prefix_length	2020-03-07T18:11:20Z	macOS	5.80940924203842e-05	0.000556690087368855	3.86580000000247e-05	4.23070000000192e-05	4.32100000000435e-05	4.40607500000051e-05	0.024228145	8602	5	0.499725383000145	0
ipv4.R	netmask	2020-03-07T18:11:20Z	macOS	0.0115159277727273	0.00967424016033373	0.00495162900000001	0.00648666750000004	0.00720606950000002	0.00791525525000004	0.034972486	44	9	0.506700822000002	5252688
ipv4.R	hostmask	2020-03-07T18:11:20Z	macOS	0.0133586949756097	0.0157241347717557	0.005109374	0.00582218899999998	0.00709893099999998	0.00789764900000001	0.090217173	41	9	0.547706493999999	5252696
ipv4.R	minimum	2020-03-07T18:11:20Z	macOS	0.0321482083125	0.0117754359119401	0.021858511	0.024060983	0.025512126	0.0470171805	0.052035409	16	5	0.514371333	14875968
ipv4.R	maximum	2020-03-07T18:11:20Z	macOS	0.0373429757857143	0.0130439966440018	0.023179321	0.02511958275	0.037817124	0.04923729175	0.053264805	14	7	0.522801661	14693920
