ipv4.R	parse_address	2020-03-22T04:40:38Z	macOS	0.0507859490909091	0.0330041494106517	0.027754199	0.0313904255	0.041010554	0.056215087	0.142155515	11	4	0.55864544	5250552
ipv4.R	parse_network	2020-03-22T04:40:38Z	macOS	0.0818500495714286	0.0155349141843732	0.065091313	0.0732460665	0.078073401	0.0854548175	0.112383865	7	1	0.572950347	6294296
ipv4.R	print_address	2020-03-22T04:40:38Z	macOS	0.17553787	0.0191051755998236	0.15388187	0.168302402	0.182722934	0.18636587	0.190008806	3	0	0.52661361	2099752
ipv4.R	print_network	2020-03-22T04:40:38Z	macOS	0.216355415666667	0.0108803164780679	0.205470862	0.2109173785	0.216363895	0.2217976925	0.22723149	3	0	0.649066247	2107416
ipv4.R	is_within	2020-03-22T04:40:38Z	macOS	0.00902516183928573	0.00618242371425735	0.00647986300000003	0.00721167575000002	0.00758052850000002	0.00858083250000004	0.04665284	56	2	0.505409063000001	1065000
ipv4.R	is_within_any	2020-03-22T04:40:38Z	macOS	0.00973660026923082	0.00512657935219002	0.00769607400000005	0.00823956650000003	0.00838545700000004	0.00902114475000007	0.035957362	52	2	0.506303214000003	1059088
ipv4.R	is_subnet	2020-03-22T04:40:38Z	macOS	0.0136134591621622	0.0105007606531315	0.007866765	0.00906732399999999	0.010210313	0.011953709	0.052417328	37	4	0.503697989	3278808
ipv4.R	is_supernet	2020-03-22T04:40:38Z	macOS	0.013335903631579	0.00860947253270501	0.008113176	0.0097788095	0.01050435	0.01153911175	0.041998507	38	4	0.506764338000001	3159832
ipv4.R	prefix_length	2020-03-22T04:40:38Z	macOS	6.55699603778415e-05	0.000633783042331065	4.10200000000027e-05	4.40262499999816e-05	4.49790000000005e-05	5.80342500000192e-05	0.031831566	7622	4	0.499774237999908	0
ipv4.R	netmask	2020-03-22T04:40:38Z	macOS	0.0117691630697675	0.010825776943532	0.00476800199999999	0.00609141700000002	0.00717410500000004	0.00783004350000002	0.041618706	43	8	0.506074012000001	5252208
ipv4.R	hostmask	2020-03-22T04:40:38Z	macOS	0.0153877017692308	0.0198653104483053	0.00532286000000004	0.00619818400000005	0.007241479	0.00865861850000002	0.112502478	39	9	0.600120369000001	5252208
ipv4.R	minimum	2020-03-22T04:40:38Z	macOS	0.0395374412142857	0.0153602281287848	0.026267816	0.0277650075	0.0306384665	0.05598294325	0.064060108	14	5	0.553524177	14873528
ipv4.R	maximum	2020-03-22T04:40:38Z	macOS	0.0433300630833333	0.0178050404302205	0.023044652	0.028161416	0.041200423	0.05615162725	0.070969542	12	6	0.519960757	14693920

ipv6.R	parse_address	2020-03-22T04:40:47Z	macOS	0.06737905875	0.0148986248994022	0.053211056	0.05620906275	0.0636720105	0.074799484	0.097164102	8	1	0.53903247	5245672
ipv6.R	parse_network	2020-03-22T04:40:47Z	macOS	0.13505387725	0.019551970516982	0.119082853	0.121839139	0.12944326	0.14265799825	0.162246136	4	1	0.540215509	6294296
ipv6.R	print_address	2020-03-22T04:40:47Z	macOS	0.1652253255	0.0236114650763764	0.137158612	0.15146121925	0.1661688965	0.17993300275	0.191404897	4	0	0.660901302	2099752
ipv6.R	print_network	2020-03-22T04:40:47Z	macOS	0.210947109333333	0.00995663157989912	0.199796255	0.2069471305	0.214098006	0.2165225365	0.218947067	3	0	0.632841328	2099752
ipv6.R	is_within	2020-03-22T04:40:47Z	macOS	0.0192741236538462	0.0016427652272398	0.016384121	0.01798327925	0.019162174	0.020650956	0.02255428	26	0	0.501127215	1051176
ipv6.R	is_within_any	2020-03-22T04:40:47Z	macOS	0.0456140958181818	0.0150132585776707	0.036864095	0.038195616	0.0411508900000001	0.0451097465	0.089523207	11	1	0.501755054	1051176
ipv6.R	is_subnet	2020-03-22T04:40:47Z	macOS	0.0219536943913044	0.00764728639896637	0.0177287290000001	0.0190540185	0.0201737850000001	0.0220199210000001	0.05611137	23	1	0.504934971000001	3148424
ipv6.R	is_supernet	2020-03-22T04:40:47Z	macOS	0.0232060675	0.0108334989848175	0.018192326	0.01963584625	0.020282591	0.02245403725	0.070803033	22	1	0.510533485000001	3148424
ipv6.R	prefix_length	2020-03-22T04:40:47Z	macOS	7.14806690503353e-05	0.000823930841282575	4.18109999999472e-05	4.44310000000114e-05	4.57534999999953e-05	5.95460000000075e-05	0.03777454	6992	4	0.499792837999945	0
ipv6.R	netmask	2020-03-22T04:40:47Z	macOS	0.01600537965625	0.0114232294557099	0.010645673	0.012599375	0.0128863815	0.0132629815	0.061534133	32	2	0.512172149	5245672
ipv6.R	hostmask	2020-03-22T04:40:47Z	macOS	0.0187346447407408	0.0120511430460289	0.011675527	0.0137535075	0.0140435370000001	0.01645547	0.057586306	27	3	0.505835408	5245672
ipv6.R	minimum	2020-03-22T04:40:47Z	macOS	0.0474841511666667	0.0205764815210779	0.03081181	0.03300697925	0.034510937	0.0699010105	0.078090769	12	4	0.569809814	14683296
ipv6.R	maximum	2020-03-22T04:40:47Z	macOS	0.04593067	0.0181670690199344	0.030126566	0.032504948	0.035269925	0.06692938	0.0715946000000001	11	4	0.50523737	14683296
