ipv4.R	parse_address	2020-03-15T06:37:47Z	macOS	0.0345341076	0.0117925960513286	0.02517256	0.0260572799999999	0.0267335489999999	0.0493411685	0.051706944	15	5	0.518011613999999	5251032
ipv4.R	parse_network	2020-03-15T06:37:47Z	macOS	0.0665897308750001	0.0297326749323301	0.0517290010000001	0.052561157	0.053129581	0.0611732452500001	0.137219917	8	2	0.532717847	6294296
ipv4.R	print_address	2020-03-15T06:37:47Z	macOS	0.1442088495	0.0185948970831207	0.133085812	0.13392283975	0.1358985535	0.14618456325	0.171952479	4	1	0.576835398	2099752
ipv4.R	print_network	2020-03-15T06:37:47Z	macOS	0.195421090666667	0.00639087352201568	0.188968218	0.192257583	0.195546948	0.198647527	0.201748106	3	0	0.586263272	2107416
ipv4.R	is_within	2020-03-15T06:37:47Z	macOS	0.00740652723529413	0.00401792819973151	0.00604065099999995	0.00645059875000006	0.00665811250000004	0.00688580900000008	0.030331248	68	2	0.503643852000001	1065000
ipv4.R	is_within_any	2020-03-15T06:37:47Z	macOS	0.0088027289824562	0.00445697865568087	0.00718493200000014	0.00763853800000014	0.0078714190000001	0.00822416000000004	0.032522417	57	2	0.501755552000004	1059088
ipv4.R	is_subnet	2020-03-15T06:37:47Z	macOS	0.0135326741025641	0.0149550556448466	0.007311446	0.00810425300000001	0.00893840800000001	0.00976653300000002	0.091989001	39	5	0.527774290000001	3173512
ipv4.R	is_supernet	2020-03-15T06:37:47Z	macOS	0.0108818151428572	0.00666665784461033	0.00768671600000004	0.00900764300000001	0.00930567000000004	0.00948878200000003	0.037092388	49	3	0.533208942000001	3159832
ipv4.R	prefix_length	2020-03-15T06:37:47Z	macOS	5.75746964635824e-05	0.000556476858660077	3.71580000000371e-05	4.12020000000179e-05	4.18909999999606e-05	4.29220000000008e-05	0.024613275	8681	5	0.499805940000359	0
ipv4.R	netmask	2020-03-15T06:37:47Z	macOS	0.00989730286274512	0.00817386708540547	0.00500389400000001	0.00648878150000004	0.00705397500000005	0.00727016300000005	0.031806576	51	7	0.504762446000001	5252672
ipv4.R	hostmask	2020-03-15T06:37:47Z	macOS	0.0104738210208333	0.00903910355528194	0.00521316099999991	0.00670566099999995	0.00717744799999992	0.00741769999999994	0.0393478789999999	48	7	0.502743408999997	5252680
ipv4.R	minimum	2020-03-15T06:37:47Z	macOS	0.0330096135000001	0.0121341529271892	0.0223139900000001	0.02395129225	0.0247108575000001	0.0480487152500001	0.049342073	16	6	0.528153816000001	14873528
ipv4.R	maximum	2020-03-15T06:37:47Z	macOS	0.0326698463124999	0.0123722088990246	0.021945649	0.0229907324999999	0.0243996244999999	0.0470213202499999	0.052344084	16	6	0.522717540999999	14693920
