ipv4.R	parse_address	2020-03-22T17:18:12Z	macOS	0.0497258612727273	0.0323408136543511	0.026423885	0.030515487	0.035869025	0.0588284255	0.136397563	11	4	0.546984474	5250528
ipv4.R	parse_network	2020-03-22T17:18:12Z	macOS	0.0719709924285715	0.0115297981016779	0.061495377	0.064475561	0.068547546	0.0757577485	0.093287405	7	1	0.503796947	6294296
ipv4.R	print_address	2020-03-22T17:18:12Z	macOS	0.176332857	0.0114426019118676	0.166478387	0.170058065	0.173637743	0.181260092	0.188882441	3	0	0.528998571	2099752
ipv4.R	print_network	2020-03-22T17:18:12Z	macOS	0.245648678	0.00579423548672758	0.239168227	0.243308152	0.247448077	0.2488889035	0.25032973	3	0	0.736946034	2107392
ipv4.R	is_within	2020-03-22T17:18:12Z	macOS	0.00947448435849056	0.00675786276912664	0.00663710499999998	0.00722118899999999	0.00766884400000001	0.00909107000000001	0.046744125	53	2	0.502147670999999	1064976
ipv4.R	is_within_any	2020-03-22T17:18:12Z	macOS	0.0119411496190476	0.00724099078984375	0.00764667300000002	0.00953747450000004	0.0105259605	0.01192561425	0.046730895	42	2	0.501528284000001	1059064
ipv4.R	is_subnet	2020-03-22T17:18:12Z	macOS	0.0154023935142857	0.0110400591683176	0.00916075499999999	0.010530474	0.01121158	0.0135909435	0.050972776	35	4	0.539083773	3278800
ipv4.R	is_supernet	2020-03-22T17:18:12Z	macOS	0.0145140860857143	0.0099159340488122	0.00878306900000003	0.0100068085	0.010784063	0.012324361	0.045077337	35	4	0.507993013000001	3159816
ipv4.R	prefix_length	2020-03-22T17:18:12Z	macOS	7.26867284758744e-05	0.000739310914396472	3.96820000000131e-05	4.38837500000011e-05	4.69505000000175e-05	5.98590000000024e-05	0.035049387	6876	4	0.499793945000112	0
ipv4.R	netmask	2020-03-22T17:18:12Z	macOS	0.0128980224358975	0.0120786890555073	0.00547364800000003	0.00688777150000001	0.00788073300000003	0.00898652350000002	0.050054028	39	7	0.503022875000001	5252176
ipv4.R	hostmask	2020-03-22T17:18:12Z	macOS	0.0146807718857143	0.0131473544401187	0.005842505	0.00749245249999998	0.00833959799999998	0.00940868499999999	0.044484093	35	8	0.513827016	5252192
ipv4.R	minimum	2020-03-22T17:18:12Z	macOS	0.0513585688	0.0334567801673196	0.026300815	0.027393088	0.0433274985	0.05969388675	0.134253314	10	5	0.513585688	14873504
ipv4.R	maximum	2020-03-22T17:18:12Z	macOS	0.04233825275	0.015604943572516	0.024441422	0.02796218175	0.041513925	0.05597430175	0.061919275	12	6	0.508059033	14693920
