ipv4.R	parse_address	2020-03-16T15:54:05Z	macOS	0.0387818847692308	0.016532092965231	0.026150331	0.026393592	0.027894817	0.051672257	0.075643498	13	5	0.504164502	5251032
ipv4.R	parse_network	2020-03-16T15:54:05Z	macOS	0.075055348	0.0330189695936262	0.054311829	0.056051492	0.056274235	0.078446842	0.145804704	7	3	0.525387436	6294296
ipv4.R	print_address	2020-03-16T15:54:05Z	macOS	0.13957017575	0.00323546332783651	0.137149358	0.137728157	0.1384148335	0.14025685225	0.144301678	4	0	0.558280703	2099752
ipv4.R	print_network	2020-03-16T15:54:05Z	macOS	0.195095573666667	0.00370120522162461	0.191320503	0.193284259	0.195248015	0.196983109	0.198718203	3	0	0.585286721	2107416
ipv4.R	is_within	2020-03-16T15:54:05Z	macOS	0.00839838127419357	0.00570600646910827	0.00640347800000002	0.0068203815	0.00702166400000001	0.00740267025000002	0.034717463	62	3	0.520699639000001	1065000
ipv4.R	is_within_any	2020-03-16T15:54:05Z	macOS	0.00910727561818183	0.00354971711565548	0.00768640500000001	0.00812864550000002	0.00844138600000002	0.00892180250000001	0.034064176	55	1	0.500900159000001	1059088
ipv4.R	is_subnet	2020-03-16T15:54:05Z	macOS	0.013335721868421	0.00914563716946558	0.00767784899999999	0.00891876749999999	0.00945355049999999	0.0122978675	0.038274977	38	5	0.506757431	3173512
ipv4.R	is_supernet	2020-03-16T15:54:05Z	macOS	0.0134079934210526	0.0152560824991175	0.00787474700000002	0.00919275975	0.00969732350000002	0.010540978	0.098750987	38	3	0.509503750000001	3159832
ipv4.R	prefix_length	2020-03-16T15:54:05Z	macOS	6.30055423600495e-05	0.000562988760567599	4.02929999999968e-05	4.31669999999829e-05	4.39389999999928e-05	4.62084999999918e-05	0.026046875	7932	4	0.499759961999913	0
ipv4.R	netmask	2020-03-16T15:54:05Z	macOS	0.01049156775	0.00862900761052274	0.00551970699999998	0.0065808315	0.00754640299999999	0.00816173674999999	0.034803654	48	6	0.503595251999999	5252672
ipv4.R	hostmask	2020-03-16T15:54:05Z	macOS	0.0114745997954545	0.00956762255659592	0.00561634699999997	0.00723868275	0.0077280525	0.00810272649999998	0.037255045	44	7	0.504882391	5252680
ipv4.R	minimum	2020-03-16T15:54:05Z	macOS	0.0355884098666667	0.0131718216590568	0.023655722	0.0254130695	0.026256716	0.050168411	0.053657085	15	6	0.533826148	14873528
ipv4.R	maximum	2020-03-16T15:54:05Z	macOS	0.0387861995	0.0140365709343581	0.024394377	0.025244613	0.0384627875	0.0520436955	0.054533104	14	7	0.543006793	14693920

ipv6.R	parse_address	2020-03-16T15:54:14Z	macOS	0.0585056805555556	0.0134915298452606	0.052545993	0.053876512	0.054168165	0.054835039	0.094423904	9	1	0.526551125	5245672
ipv6.R	parse_network	2020-03-16T15:54:14Z	macOS	0.1103407082	0.0147412819103069	0.095995263	0.104523208	0.104664653	0.111781056	0.134739361	5	1	0.551703541	6294296
ipv6.R	print_address	2020-03-16T15:54:14Z	macOS	0.12963416125	0.00344188000256947	0.125053392	0.128515707	0.1300614715	0.13117992575	0.13336031	4	0	0.518536645	2099752
ipv6.R	print_network	2020-03-16T15:54:14Z	macOS	0.184116699666667	0.00194284324639954	0.181890315	0.1834406795	0.184991044	0.185229892	0.18546874	3	0	0.552350099	2099752
ipv6.R	is_within	2020-03-16T15:54:14Z	macOS	0.0178792259285714	0.00624273032297521	0.015807785	0.01635724425	0.0165602475	0.01682256075	0.049516412	28	1	0.500618326	1051176
ipv6.R	is_within_any	2020-03-16T15:54:14Z	macOS	0.0370508268571429	0.000659634338491334	0.036383555	0.036600813	0.0368970605	0.0370905345	0.038540214	14	0	0.518711576	1051176
ipv6.R	is_subnet	2020-03-16T15:54:14Z	macOS	0.0221501052916667	0.0104019248337919	0.017301638	0.01860725075	0.018816536	0.0198494355	0.059371786	24	2	0.531602527	3148424
ipv6.R	is_supernet	2020-03-16T15:54:14Z	macOS	0.02036484064	0.00855354885771262	0.01723831	0.018099718	0.018574631	0.01883002	0.060945339	25	1	0.509121016	3148424
ipv6.R	prefix_length	2020-03-16T15:54:14Z	macOS	6.47726389321059e-05	0.000798112937636268	4.07210000000213e-05	4.31690000000096e-05	4.37710000000258e-05	4.49845000000254e-05	0.039258858	7716	4	0.499785682000129	0
ipv6.R	netmask	2020-03-16T15:54:14Z	macOS	0.0181700037142857	0.0231462415208959	0.010852455	0.0126035575	0.012808463	0.01322368575	0.131951938	28	2	0.508760104	5245672
ipv6.R	hostmask	2020-03-16T15:54:14Z	macOS	0.0169981619666667	0.00991635353907891	0.011830955	0.01358087525	0.0140119335	0.01446745825	0.04684193	30	3	0.509944859	5245672
ipv6.R	minimum	2020-03-16T15:54:14Z	macOS	0.046508085	0.016428042591425	0.030548146	0.032608997	0.033816234	0.061381499	0.071369041	11	5	0.511588935	14683296
ipv6.R	maximum	2020-03-16T15:54:14Z	macOS	0.0441214264166667	0.016735401696185	0.030143357	0.03226233875	0.0338555655	0.06040591925	0.073794724	12	4	0.529457117	14683296
