ipv4.R	parse_address	2020-03-17T01:54:46Z	macOS	0.0374098950714286	0.0125840697486298	0.02591032	0.0269697475	0.031844162	0.0501783495	0.05991515	14	5	0.523738531	5251032
ipv4.R	parse_network	2020-03-17T01:54:46Z	macOS	0.0772500411428571	0.0324964534191104	0.056952855	0.0578387575	0.05786365	0.082052377	0.146151514	7	3	0.540750288	6294296
ipv4.R	print_address	2020-03-17T01:54:46Z	macOS	0.13725653225	0.00358206626437912	0.133625357	0.13520338175	0.136683002	0.1387361525	0.142034768	4	0	0.549026129	2099752
ipv4.R	print_network	2020-03-17T01:54:46Z	macOS	0.1982367	0.0121487159450508	0.184347894	0.1939105225	0.203473151	0.205181103	0.206889055	3	1	0.5947101	2107416
ipv4.R	is_within	2020-03-17T01:54:46Z	macOS	0.00785455242187502	0.00418720948120341	0.00623269400000004	0.00670626849999999	0.00694894550000003	0.00741515600000003	0.030935788	64	2	0.502691355000001	1065000
ipv4.R	is_within_any	2020-03-17T01:54:46Z	macOS	0.00969429432692306	0.00483373567459945	0.00778908900000003	0.00801760974999996	0.00841761599999999	0.00888636625000001	0.033234425	52	2	0.504103304999999	1059088
ipv4.R	is_subnet	2020-03-17T01:54:46Z	macOS	0.0119975966190476	0.00828036503908157	0.00773176000000003	0.00856767575	0.00922458600000001	0.010143057	0.042706635	42	4	0.503899058000001	3173512
ipv4.R	is_supernet	2020-03-17T01:54:46Z	macOS	0.0144236350857143	0.0194992494348484	0.00783962999999999	0.00913727449999999	0.00955340399999999	0.011483957	0.122008728	35	3	0.504827228	3159832
ipv4.R	prefix_length	2020-03-17T01:54:46Z	macOS	6.99303952707598e-05	0.000657333773372477	4.10679999999775e-05	4.43660000000179e-05	5.77390000000011e-05	5.94140000000076e-05	0.031824952	7147	4	0.49979253500012	0
ipv4.R	netmask	2020-03-17T01:54:46Z	macOS	0.0106619143469388	0.00893533827461608	0.005151191	0.00635657700000003	0.00737030099999997	0.007979976	0.035833149	49	7	0.522433803000001	5252672
ipv4.R	hostmask	2020-03-17T01:54:46Z	macOS	0.0118540306744186	0.0106351591446401	0.00564017	0.00723520850000001	0.00807551299999998	0.00876777100000001	0.0409186970000001	43	6	0.509723319000001	5252680
ipv4.R	minimum	2020-03-17T01:54:46Z	macOS	0.0371636869285714	0.0150991840943833	0.023455429	0.0257658125	0.0283816865	0.0520014805	0.062898984	14	5	0.520291617	14873528
ipv4.R	maximum	2020-03-17T01:54:46Z	macOS	0.0431173660769231	0.0175314252609423	0.022827332	0.025899614	0.049724924	0.059193872	0.063254409	13	7	0.560525759	14693920
