ipv4.R	parse_address	2020-03-02T01:25:52Z	macOS	0.0336225708666667	0.0126181495682617	0.0259052819999999	0.0266903510000001	0.02780673	0.0300453110000001	0.059482255	15	3	0.504338563000001	5245672
ipv4.R	parse_network	2020-03-02T01:25:52Z	macOS	0.0743824194285713	0.0165233288399479	0.0587789359999999	0.0606700524999998	0.07094716	0.0830213129999999	0.103568109	7	3	0.520676935999999	6294296
ipv4.R	print_address	2020-03-02T01:25:52Z	macOS	0.1576407075	0.0121046243381758	0.145324738	0.148313848	0.1578194975	0.167146357	0.169599097	4	0	0.63056283	2109768
ipv4.R	print_network	2020-03-02T01:25:52Z	macOS	0.239338030333333	0.0149589426609911	0.228135311	0.2308442785	0.233553246	0.24493939	0.256325534	3	1	0.718014091	2107360
ipv4.R	is_within	2020-03-02T01:25:52Z	macOS	0.00957267928301897	0.00746121666517579	0.00698624900000011	0.007511249	0.00770965300000026	0.00809407300000009	0.0470785580000002	53	3	0.507352002000005	1076544
ipv4.R	is_within_any	2020-03-02T01:25:52Z	macOS	0.0100436162	0.00657929777257685	0.00762584800000021	0.00815165425000008	0.00836377499999996	0.00868327125000001	0.035863937	50	3	0.502180810000002	1059960
ipv4.R	is_subnet	2020-03-02T01:25:52Z	macOS	0.0145425327428572	0.0171906327543925	0.00851355700000012	0.00890875599999996	0.0095578300000001	0.0101095645000001	0.102911681	35	4	0.508988646000001	3174144
ipv4.R	is_supernet	2020-03-02T01:25:52Z	macOS	0.0110346667391306	0.00628696444260337	0.00854198600000022	0.00952800000000009	0.00972798000000019	0.00987783975000006	0.0402754680000001	46	2	0.507594670000005	3159056
ipv4.R	prefix_length	2020-03-02T01:25:52Z	macOS	5.96803479404493e-05	0.000682122917225109	3.70480000002615e-05	4.0367500000138e-05	4.14240000001787e-05	4.24435000000445e-05	0.0312354530000003	8375	5	0.499822914001263	0
ipv4.R	netmask	2020-03-02T01:25:52Z	macOS	0.0103134534117647	0.00935793858231017	0.00492342800000012	0.00685355449999991	0.0071537730000002	0.00735140150000013	0.0369996320000001	51	6	0.525986124	5256112
ipv4.R	hostmask	2020-03-02T01:25:52Z	macOS	0.0111842139565218	0.0107991052961794	0.0050098300000001	0.00655567625000003	0.00701193	0.00738121925000002	0.0420001679999999	46	7	0.514473842000002	5256128
ipv4.R	minimum	2020-03-02T01:25:52Z	macOS	0.0240790638095239	0.0159033968534031	0.00955285500000014	0.0114764770000002	0.0132845000000001	0.0407083470000003	0.0504083550000001	21	8	0.505660340000002	14875936
ipv4.R	maximum	2020-03-02T01:25:52Z	macOS	0.0312401256470589	0.0256584186641574	0.0108739840000001	0.011789373	0.0162738200000001	0.043763765	0.108518308	17	8	0.531082136000001	14693920
