ipv4.R	parse_address	2020-03-10T23:23:27Z	macOS	0.0361296776428572	0.012086603538322	0.025881434	0.02692262125	0.0277912605000001	0.0506071927500001	0.054139919	14	5	0.505815487000001	5251032
ipv4.R	parse_network	2020-03-10T23:23:27Z	macOS	0.072211574	0.0322038512141636	0.052260893	0.0530541735	0.054653523	0.0757837645	0.140890726	7	3	0.505481018	6294296
ipv4.R	print_address	2020-03-10T23:23:27Z	macOS	0.130781718	0.00248992418873169	0.128242784	0.12954472325	0.1303551865	0.13159218125	0.134173715	4	0	0.523126872	2099752
ipv4.R	print_network	2020-03-10T23:23:27Z	macOS	0.187342648666667	0.00259442470490787	0.184611601	0.1861267185	0.187641836	0.1887081725	0.189774509	3	0	0.562027946	2107416
ipv4.R	is_within	2020-03-10T23:23:27Z	macOS	0.00844547230000002	0.00639092746169508	0.00629831000000003	0.00665032550000005	0.00691127550000004	0.00725091100000001	0.042341803	60	3	0.506728338000001	1061832
ipv4.R	is_within_any	2020-03-10T23:23:27Z	macOS	0.00894866001785719	0.00451682985928777	0.00714662100000008	0.00761857625000005	0.00802241450000005	0.00839025275000002	0.032179435	56	2	0.501124961000003	1059992
ipv4.R	is_subnet	2020-03-10T23:23:27Z	macOS	0.0128209517	0.00930340852957315	0.007575844	0.008219059	0.00880802150000001	0.011359353	0.038392479	40	6	0.512838068	3171776
ipv4.R	is_supernet	2020-03-10T23:23:27Z	macOS	0.0114325547727273	0.00747838989581682	0.00780565500000002	0.00828803800000001	0.00898095400000001	0.00930592550000003	0.035958269	44	4	0.503032410000001	3159080
ipv4.R	prefix_length	2020-03-10T23:23:27Z	macOS	5.63853026063577e-05	0.00054499520511238	3.74150000000406e-05	4.08820000000198e-05	4.18630000000308e-05	4.30035000000273e-05	0.02396961	8863	5	0.499742937000149	0
ipv4.R	netmask	2020-03-10T23:23:27Z	macOS	0.0118793982558139	0.0102252224838314	0.00495374199999998	0.00576225150000001	0.007130162	0.00920923199999996	0.03386384	43	9	0.510814124999999	5252696
ipv4.R	hostmask	2020-03-10T23:23:27Z	macOS	0.013491278	0.0157752021463719	0.00521316799999993	0.00583329999999999	0.00700185199999992	0.00848886599999993	0.089727725	41	9	0.553142397999998	5252696
ipv4.R	minimum	2020-03-10T23:23:27Z	macOS	0.031996408125	0.0114339602104073	0.022263432	0.0240903915	0.025298673	0.047155173	0.0495549670000001	16	5	0.51194253	14875928
ipv4.R	maximum	2020-03-10T23:23:27Z	macOS	0.0372437079285714	0.0133381361209871	0.022886638	0.024619474	0.0374099355	0.049120305	0.053456865	14	7	0.521411911	14693920

ipv6.R	parse_address	2020-03-10T23:23:36Z	macOS	0.060361182	0.0128253317222037	0.052548914	0.0557953350000001	0.056263697	0.056907394	0.094256032	9	1	0.543250638	5245672
ipv6.R	parse_network	2020-03-10T23:23:36Z	macOS	0.1170605024	0.0189585786466825	0.1003654	0.10716816	0.109070827	0.120215726	0.148482399	5	1	0.585302512	6294296
ipv6.R	print_address	2020-03-10T23:23:36Z	macOS	0.12658548775	0.00267856001398505	0.123210741	0.1255680675	0.126702454	0.12771987425	0.129726302	4	0	0.506341951	2099752
ipv6.R	print_network	2020-03-10T23:23:36Z	macOS	0.196448485666667	0.0201298026651868	0.181660567	0.184986246	0.188311925	0.203842445	0.219372965	3	0	0.589345457	2099752
ipv6.R	is_within	2020-03-10T23:23:36Z	macOS	0.0216217410416667	0.0100835086659749	0.01670731	0.01778543	0.0197427375	0.020762221	0.067914284	24	1	0.518921785	1051176
ipv6.R	is_within_any	2020-03-10T23:23:36Z	macOS	0.0478018291818182	0.0023301053409501	0.042871332	0.0467844695	0.048077683	0.0492567745	0.051072164	11	0	0.525820121	1051176
ipv6.R	is_subnet	2020-03-10T23:23:36Z	macOS	0.02581286945	0.0113592673740118	0.0201072429999999	0.0219431342499999	0.0240775905	0.0247644634999999	0.073464907	20	1	0.516257388999999	3148424
ipv6.R	is_supernet	2020-03-10T23:23:36Z	macOS	0.0245836821818182	0.0103107035961566	0.019059032	0.01962877025	0.0213191025	0.023563578	0.056020331	22	2	0.540841008	3148424
ipv6.R	prefix_length	2020-03-10T23:23:36Z	macOS	7.14110695813855e-05	0.0010179213609512	4.08310000000189e-05	4.33820000000362e-05	4.44620000000229e-05	5.85194999999927e-05	0.075844063	6999	4	0.499806076000117	0
ipv6.R	netmask	2020-03-10T23:23:36Z	macOS	0.0153018556060606	0.00869851030586891	0.011029306	0.012905579	0.013106727	0.013522141	0.049633595	33	2	0.504961235000001	5245672
ipv6.R	hostmask	2020-03-10T23:23:36Z	macOS	0.0185389404444444	0.0111020903125077	0.011921752	0.014056268	0.014400325	0.016073577	0.050844106	27	3	0.500551392	5245672
ipv6.R	minimum	2020-03-10T23:23:36Z	macOS	0.0474583125454545	0.0168471989162324	0.031045775	0.035205847	0.039021521	0.066557795	0.071557584	11	4	0.522041438	14683296
ipv6.R	maximum	2020-03-10T23:23:36Z	macOS	0.0504843871	0.0203754695594781	0.03220641	0.03441522	0.0378734495	0.06641703325	0.084924404	10	4	0.504843871	14683296
