ipv4.R	parse_address	2020-03-10T00:16:19Z	macOS	0.0346807016666655	0.0117832272060833	0.0261153590000003	0.0263863424999986	0.0267171800000003	0.050063033499999	0.0516470039999994	15	5	0.520210524999982	5251024
ipv4.R	parse_network	2020-03-10T00:16:19Z	macOS	0.0659439836249995	0.0311111633841385	0.0508446679999999	0.0515155429999994	0.0536233015000001	0.0584675444999987	0.141176317999999	8	2	0.527551868999996	6294296
ipv4.R	print_address	2020-03-10T00:16:19Z	macOS	0.131556077499999	0.000260040842610333	0.131288655999999	0.131363482749999	0.131548237499999	0.131740832249998	0.131839178999998	4	0	0.526224309999995	2099752
ipv4.R	print_network	2020-03-10T00:16:19Z	macOS	0.183882914666667	0.000411471364460388	0.183608665	0.18364635	0.183684035000001	0.184020039500001	0.184356044000001	3	0	0.551648744000001	2107408
ipv4.R	is_within	2020-03-10T00:16:19Z	macOS	0.00796661295237993	0.00506433931393517	0.00644229699999777	0.00660946249999839	0.00688091599999829	0.00697535949999839	0.0306197969999999	63	3	0.501896615999936	1061832
ipv4.R	is_within_any	2020-03-10T00:16:19Z	macOS	0.00937729007142954	0.00538729807493473	0.00763916800000253	0.00778943275000099	0.00811607050000074	0.00832745725000139	0.032756688000001	56	3	0.525128244000054	1059992
ipv4.R	is_subnet	2020-03-10T00:16:19Z	macOS	0.0123209770243914	0.00810907878390301	0.00796932900000158	0.00850925500000166	0.00936377800000088	0.0105830170000001	0.0347426689999999	41	5	0.505160058000046	3171768
ipv4.R	is_supernet	2020-03-10T00:16:19Z	macOS	0.0114470596363646	0.0071955377396715	0.0081778330000013	0.00852191300000094	0.00939338850000038	0.00965427575000088	0.0341192240000012	44	4	0.503670624000041	3159080
ipv4.R	prefix_length	2020-03-10T00:16:19Z	macOS	5.81107546520673e-05	0.000554402312683693	3.98210000014387e-05	4.2198000000937e-05	4.28220000010526e-05	4.36715000016186e-05	0.0242097650000002	8600	5	0.499752490007779	0
ipv4.R	netmask	2020-03-10T00:16:19Z	macOS	0.0114925131136373	0.00977760421344835	0.00505788900000148	0.00603947150000028	0.00720013200000036	0.00752540075000008	0.0366712640000006	44	9	0.505670577000041	5252680
ipv4.R	hostmask	2020-03-10T00:16:19Z	macOS	0.0114816478666657	0.00929627926806018	0.00522762399999976	0.00666880400000025	0.00737799799999905	0.00795182499999925	0.0316533679999988	45	9	0.516674153999956	5252688
ipv4.R	minimum	2020-03-10T00:16:19Z	macOS	0.0418556927692318	0.0295820846757032	0.0222907790000022	0.024062166000002	0.026090270000001	0.0496383070000004	0.131846822000002	13	7	0.544124006000013	14875944
ipv4.R	maximum	2020-03-10T00:16:19Z	macOS	0.0373678452857155	0.0129166287126912	0.0221081650000006	0.0233884967500018	0.0469097525000013	0.0485186570000007	0.0492130530000026	14	8	0.523149834000018	14693920
