ipv4.R	parse_address	2020-03-05T15:51:02Z	macOS	0.0347939352666667	0.012563998942732	0.026374186	0.0269685955	0.0274729460000001	0.041814398	0.055664708	15	4	0.521909029	5245672
ipv4.R	parse_network	2020-03-05T15:51:02Z	macOS	0.0785497282857143	0.0354990528464956	0.054035735	0.0558565905	0.058655349	0.086718965	0.152005903	7	3	0.549848098	6294296
ipv4.R	print_address	2020-03-05T15:51:02Z	macOS	0.1394085435	0.00220986338163933	0.137254507	0.138384691	0.138943503	0.1399673555	0.142492661	4	0	0.557634174	2109816
ipv4.R	print_network	2020-03-05T15:51:02Z	macOS	0.197811932	0.00877422031627497	0.18788167	0.194459113	0.201036556	0.202777063	0.20451757	3	0	0.593435796	2107416
ipv4.R	is_within	2020-03-05T15:51:02Z	macOS	0.00837105105000002	0.00387936536212744	0.00728116500000003	0.00750514925000005	0.00762713350000002	0.00805642650000001	0.037473832	60	1	0.502263063000001	1106968
ipv4.R	is_within_any	2020-03-05T15:51:02Z	macOS	0.00893339382142859	0.00561799950774734	0.00693875799999999	0.00751070150000004	0.00778622850000002	0.00809634425000005	0.038121838	56	2	0.500270054000001	1059992
ipv4.R	is_subnet	2020-03-05T15:51:02Z	macOS	0.00821057470491805	0.00376988786918725	0.00722761599999999	0.00745784100000002	0.00758455300000005	0.00787553499999999	0.036888029	61	1	0.500845057000001	1061800
ipv4.R	is_supernet	2020-03-05T15:51:02Z	macOS	0.008202269442623	0.00367647776514443	0.00697353200000006	0.00752367200000004	0.00770345200000006	0.00785693500000006	0.036277163	61	1	0.500338436000003	1059288
ipv4.R	prefix_length	2020-03-05T15:51:02Z	macOS	6.02320009642215e-05	0.00063352932340092	4.00340000000221e-05	4.25059999999977e-05	4.33700000000425e-05	4.47580000000336e-05	0.031386866	8297	4	0.499744912000146	6752
ipv4.R	netmask	2020-03-05T15:51:02Z	macOS	0.01641222621875	0.0103326858332845	0.01071097	0.012106697	0.012384414	0.012941658	0.0458956620000001	32	4	0.525191239000001	5256144
ipv4.R	hostmask	2020-03-05T15:51:02Z	macOS	0.0171167905333334	0.0106200239725573	0.010510817	0.01204689825	0.0125059455	0.013967563	0.043320016	30	5	0.513503716000001	5256152
ipv4.R	minimum	2020-03-05T15:51:02Z	macOS	0.0358224053571428	0.0145620550892089	0.023356252	0.02577785575	0.0261095305	0.05253675525	0.059354649	14	5	0.501513675	14896600
ipv4.R	maximum	2020-03-05T15:51:02Z	macOS	0.0406968784615385	0.0156901110002816	0.022568328	0.024992213	0.052955038	0.055255012	0.056102322	13	7	0.52905942	14693920

ipv6.R	parse_address	2020-03-05T15:51:11Z	macOS	0.06895133225	0.0262349643914405	0.055908703	0.05753936575	0.059291045	0.063752854	0.13339741	8	1	0.551610658	5245672
ipv6.R	parse_network	2020-03-05T15:51:11Z	macOS	0.14584519925	0.0890326610084261	0.100693409	0.10090017125	0.10164875	0.146593778	0.279389888	4	1	0.583380797	6294296
ipv6.R	print_address	2020-03-05T15:51:11Z	macOS	0.13138166225	0.00287679677171994	0.128405725	0.1291896145	0.1314824595	0.13367450725	0.134156005	4	0	0.525526649	2099752
ipv6.R	print_network	2020-03-05T15:51:11Z	macOS	0.175768302	0.00170838209027225	0.173886705	0.1750413565	0.176196008	0.1767091005	0.177222193	3	0	0.527304906	2099752
ipv6.R	is_within	2020-03-05T15:51:11Z	macOS	0.02031871676	0.010701228264883	0.017375569	0.017623026	0.017797072	0.018676651	0.071487975	25	1	0.507967919	1051176
ipv6.R	is_within_any	2020-03-05T15:51:11Z	macOS	0.0344162270666667	0.00158200205199084	0.032718298	0.033464139	0.034145755	0.0348573335	0.039326946	15	0	0.516243406	1051176
ipv6.R	is_subnet	2020-03-05T15:51:11Z	macOS	0.0201213032	0.0054426099038607	0.017278451	0.017969388	0.018357958	0.019240937	0.042161404	25	0	0.50303258	1051176
ipv6.R	is_supernet	2020-03-05T15:51:11Z	macOS	0.02022938632	0.00854244695322124	0.017525131	0.0178260260000001	0.01830963	0.018954564	0.060939209	25	1	0.505734658	1051176
ipv6.R	prefix_length	2020-03-05T15:51:11Z	macOS	5.60247239909928e-05	0.000594906378465485	3.91979999999625e-05	4.31097499999505e-05	4.40419999999664e-05	5.10132499999399e-05	0.0414185	8920	2	0.499740537999656	0
ipv6.R	netmask	2020-03-05T15:51:11Z	macOS	0.02515830775	0.0100120074299464	0.019768125	0.022399575	0.022757383	0.023656551	0.067077019	20	1	0.503166155	5245672
ipv6.R	hostmask	2020-03-05T15:51:11Z	macOS	0.0351424926	0.0181590912835112	0.023411286	0.0276581555	0.029276597	0.0301008465000001	0.079816035	15	2	0.527137389	5245672
ipv6.R	minimum	2020-03-05T15:51:11Z	macOS	0.0475662925454545	0.0238483467412928	0.026211323	0.026475953	0.031578663	0.0682815995	0.08395836	11	5	0.523229218	14683296
ipv6.R	maximum	2020-03-05T15:51:11Z	macOS	0.0400848204615385	0.0215883070320292	0.024123159	0.0258460190000001	0.026709008	0.064946494	0.079458336	13	4	0.521102666	14683296
