ipv4.R	parse_address	2020-03-15T22:35:05Z	macOS	0.0364741406428572	0.0124354918414511	0.026594457	0.027569378	0.027793665	0.05138429475	0.054366848	14	5	0.510637969	5251032
ipv4.R	parse_network	2020-03-15T22:35:05Z	macOS	0.0746786572857143	0.031940680061862	0.051263515	0.0544750415	0.057647961	0.0821860765	0.140516889	7	3	0.522750601	6294296
ipv4.R	print_address	2020-03-15T22:35:05Z	macOS	0.14096904125	0.00423419080530101	0.135987	0.13924488525	0.1407918935	0.1425160495	0.146305378	4	0	0.563876165	2099752
ipv4.R	print_network	2020-03-15T22:35:05Z	macOS	0.212973946666667	0.0440639268111156	0.186379151	0.1875424945	0.188705838	0.2262713445	0.263836851	3	1	0.63892184	2107416
ipv4.R	is_within	2020-03-15T22:35:05Z	macOS	0.00771553643076925	0.00426862908198093	0.00615332499999999	0.00661039100000005	0.00684557000000002	0.00715919599999998	0.032251004	65	2	0.501509868000001	1065000
ipv4.R	is_within_any	2020-03-15T22:35:05Z	macOS	0.00914121169090911	0.00500548262625365	0.00726812999999998	0.00772097900000002	0.00811542799999998	0.00840384800000005	0.035824956	55	2	0.502766643000001	1059088
ipv4.R	is_subnet	2020-03-15T22:35:05Z	macOS	0.0141364246923077	0.0157668142028371	0.00797041400000004	0.00844201200000003	0.008877884	0.010917418	0.096716457	39	5	0.551320563	3173512
ipv4.R	is_supernet	2020-03-15T22:35:05Z	macOS	0.0105072509375	0.00757075967533543	0.00763625499999998	0.00881245449999998	0.00898757849999998	0.00917692624999997	0.054109999	48	2	0.504348044999999	3159832
ipv4.R	prefix_length	2020-03-15T22:35:05Z	macOS	5.83138737603687e-05	0.000576026930695036	3.79770000000224e-05	4.15290000000124e-05	4.24230000000136e-05	4.35110000000238e-05	0.027093652	8571	5	0.49980821200012	0
ipv4.R	netmask	2020-03-15T22:35:05Z	macOS	0.0102932922857143	0.00856242188825453	0.00485697299999999	0.00642199799999998	0.00707109299999997	0.00775086199999997	0.032208157	49	7	0.504371321999999	5252672
ipv4.R	hostmask	2020-03-15T22:35:05Z	macOS	0.0106524857083334	0.00902137334395205	0.00521113400000001	0.00692933450000005	0.00735237450000001	0.00761039000000002	0.038690456	48	7	0.511319314000001	5252680
ipv4.R	minimum	2020-03-15T22:35:05Z	macOS	0.0358428850714286	0.0129366937481652	0.02239205	0.0233399375	0.035658505	0.04818522975	0.049598968	14	7	0.501800391	14873528
ipv4.R	maximum	2020-03-15T22:35:05Z	macOS	0.0363989334666667	0.0135841703499858	0.022483183	0.024413477	0.025346329	0.0497486905	0.053429026	15	7	0.545984002	14693920
