ipv4.R	parse_address	2020-02-29T02:54:18Z	macOS	0.0341675872666667	0.0122932301433345	0.025971423	0.0264349075	0.0276285890000001	0.040539802	0.0550728410000001	15	4	0.512513809000001	5245672
ipv4.R	parse_network	2020-02-29T02:54:18Z	macOS	0.0739558597142857	0.0335343999222752	0.051981031	0.052572064	0.055884012	0.0802244375	0.144232972	7	3	0.517691018	6294296
ipv4.R	print_address	2020-02-29T02:54:18Z	macOS	0.152069722	0.00111472084118312	0.151262302	0.1513121185	0.151678896	0.1524364995	0.153658794	4	0	0.608278888	2109768
ipv4.R	print_network	2020-02-29T02:54:18Z	macOS	0.204767750666667	0.000520736188425891	0.20420293	0.2045372435	0.204871557	0.205050161	0.205228765	3	0	0.614303252	2107360
ipv4.R	is_within	2020-02-29T02:54:18Z	macOS	0.00696015930555557	0.00336372285108839	0.00617226500000001	0.00649510300000003	0.00654742699999999	0.00658645400000007	0.034973079	72	1	0.501131470000001	1076544
ipv4.R	is_within_any	2020-02-29T02:54:18Z	macOS	0.00834883501666669	0.00522548665520428	0.00677852199999995	0.00722412625000002	0.0073767575	0.00755925524999995	0.0361680550000001	60	2	0.500930101000001	1059960
ipv4.R	is_subnet	2020-02-29T02:54:18Z	macOS	0.00723069729999991	0.00341369325239885	0.00639771799999989	0.00674894624999986	0.0067824394999999	0.00682497374999994	0.0352370319999999	70	1	0.506148810999994	1070464
ipv4.R	is_supernet	2020-02-29T02:54:18Z	macOS	0.00791127634375011	0.00531960893835456	0.00642129800000002	0.00679236525000013	0.00685984350000007	0.00707180425000009	0.0389653640000001	64	2	0.506321686000007	1059720
ipv4.R	prefix_length	2020-02-29T02:54:18Z	macOS	6.23213253256721e-05	0.000677841339549164	4.0770999999995e-05	4.29490000000143e-05	4.36639999999988e-05	4.45155000000086e-05	0.0301016289999999	8367	5	0.521442528999898	4344
ipv4.R	netmask	2020-02-29T02:54:18Z	macOS	0.0102600684897958	0.00881991428388693	0.00516100399999986	0.00728750399999989	0.00747906099999984	0.00798122999999984	0.037210027	49	5	0.502743355999995	5256112
ipv4.R	hostmask	2020-02-29T02:54:18Z	macOS	0.0111969658444444	0.010491648515592	0.00511507700000002	0.00657507400000001	0.00714762199999996	0.00743226900000005	0.0408005410000001	45	7	0.503863463	5256128
ipv4.R	minimum	2020-02-29T02:54:18Z	macOS	0.0251050501	0.0148572573089494	0.0108768889999999	0.0115872005	0.013672145	0.040224501	0.043175792	20	9	0.502101002	14896568
ipv4.R	maximum	2020-02-29T02:54:18Z	macOS	0.0300262363888889	0.0226797579066511	0.010861268	0.01170268725	0.0268990095	0.041361906	0.098834463	18	9	0.540472255	14693920
