ipv4.R	parse_address	2020-03-04T16:07:48Z	macOS	0.0361414436428572	0.0162224296958168	0.026558428	0.02700249575	0.0281808465	0.0316577965	0.069356866	14	3	0.505980211	5245672
ipv4.R	parse_network	2020-03-04T16:07:48Z	macOS	0.0721429651428572	0.0189800288054338	0.052446172	0.052987092	0.074662268	0.0895946695	0.092728793	7	3	0.505000756	6294296
ipv4.R	print_address	2020-03-04T16:07:48Z	macOS	0.1514464215	0.00600564344302582	0.148144694	0.14819905025	0.1486021345	0.15184950575	0.160436723	4	0	0.605785686	2109768
ipv4.R	print_network	2020-03-04T16:07:48Z	macOS	0.208926572	0.0028855576403191	0.205695652	0.207766241	0.20983683	0.210542032	0.211247234	3	0	0.626779716	2107360
ipv4.R	is_within	2020-03-04T16:07:48Z	macOS	0.0107107923829787	0.00881631035701078	0.00738671199999999	0.00786937649999998	0.00810791199999997	0.008874623	0.044976053	47	3	0.503407241999999	1076544
ipv4.R	is_within_any	2020-03-04T16:07:48Z	macOS	0.0123429203170732	0.0077907287807122	0.00998945099999998	0.01048563	0.010598535	0.010753988	0.047739507	41	2	0.506059733	1059960
ipv4.R	is_subnet	2020-03-04T16:07:48Z	macOS	0.0181951423571429	0.0231663970760695	0.00877019200000001	0.00942284825000003	0.010430997	0.012487363	0.122707654	28	4	0.509463986000001	3174144
ipv4.R	is_supernet	2020-03-04T16:07:48Z	macOS	0.012660694375	0.00916431030796743	0.00925389999999998	0.01001184225	0.010485737	0.011008092	0.053092624	40	2	0.506427774999999	3159056
ipv4.R	prefix_length	2020-03-04T16:07:48Z	macOS	7.26050081347943e-05	0.000888924442562583	4.3465999999992e-05	4.58979999999887e-05	4.66874999999894e-05	4.85457499999828e-05	0.040176976	6884	4	0.499812875999924	0
ipv4.R	netmask	2020-03-04T16:07:48Z	macOS	0.0113055702444444	0.011173995466681	0.005419058	0.00727154599999999	0.00756794999999999	0.00786037599999997	0.046371562	45	5	0.508750661	5255648
ipv4.R	hostmask	2020-03-04T16:07:48Z	macOS	0.012583367975	0.0137980397974291	0.00521492900000001	0.00690471400000001	0.00727842200000001	0.00775948325000002	0.05712167	40	6	0.503334719	5255656
ipv4.R	minimum	2020-03-04T16:07:48Z	macOS	0.0314704553125	0.0291679697438646	0.011185809	0.013371908	0.0147486575	0.04900394075	0.119861772	16	6	0.503527285	14875928
ipv4.R	maximum	2020-03-04T16:07:48Z	macOS	0.02703308075	0.0185148285732628	0.011828066	0.0141940775	0.014949696	0.049567647	0.054587147	20	7	0.540661615	14693920
