ipv4.R	parse_address	2020-03-07T18:17:47Z	macOS	0.04396583475	0.0174309431874093	0.028025197	0.031598694	0.0360527995	0.058006404	0.0780401120000001	12	4	0.527590017	5251032
ipv4.R	parse_network	2020-03-07T18:17:47Z	macOS	0.0905579505	0.0340566379375044	0.058605239	0.0667812804999999	0.0812364799999999	0.10325878725	0.149707067	6	2	0.543347703	6294296
ipv4.R	print_address	2020-03-07T18:17:47Z	macOS	0.16229341	0.0214544541230187	0.147581959	0.14774847025	0.154223611	0.16876855075	0.193144459	4	0	0.64917364	2099752
ipv4.R	print_network	2020-03-07T18:17:47Z	macOS	0.219528880333333	0.0146202502401606	0.202679688	0.2148609905	0.227042293	0.2279534765	0.22886466	3	0	0.658586641	2107408
ipv4.R	is_within	2020-03-07T18:17:47Z	macOS	0.00773795327692312	0.00424225886785091	0.00639404100000007	0.00675740200000002	0.00684096700000003	0.00711441900000004	0.0315116890000001	65	2	0.502966963000003	1061832
ipv4.R	is_within_any	2020-03-07T18:17:47Z	macOS	0.00906969478571425	0.00451270707190923	0.00755967899999993	0.00796054974999996	0.00804578049999999	0.00834632699999996	0.032547668	56	2	0.507902907999998	1059992
ipv4.R	is_subnet	2020-03-07T18:17:47Z	macOS	0.0138059004594595	0.0098310284455246	0.00816271200000002	0.00883361300000002	0.00962652800000002	0.012065497	0.04198798	37	5	0.510818317000001	3171776
ipv4.R	is_supernet	2020-03-07T18:17:47Z	macOS	0.0123448114390244	0.00871915548181624	0.00796232800000002	0.00846417799999999	0.00944456099999996	0.010635429	0.045344543	41	4	0.506137269	3159080
ipv4.R	prefix_length	2020-03-07T18:17:47Z	macOS	6.39255046024473e-05	0.000567816427883593	4.0849000000065e-05	4.36562500000515e-05	4.48830000000233e-05	5.81592500000366e-05	0.026607818	7822	4	0.500025297000343	0
ipv4.R	netmask	2020-03-07T18:17:47Z	macOS	0.0123010957906977	0.0103894432303278	0.00515848999999996	0.00687521099999996	0.00776568899999996	0.0092258985	0.039932258	43	8	0.528947118999999	5252688
ipv4.R	hostmask	2020-03-07T18:17:47Z	macOS	0.0128871487435898	0.0111278258837952	0.00544989100000004	0.00618305800000002	0.00739763300000001	0.00949475150000001	0.036644399	39	9	0.502598801000001	5252696
ipv4.R	minimum	2020-03-07T18:17:47Z	macOS	0.0443083608333333	0.0270821948712103	0.023996974	0.024514011	0.0389638645	0.050717302	0.11796307	12	6	0.53170033	14875968
ipv4.R	maximum	2020-03-07T18:17:47Z	macOS	0.0408890689230769	0.0144166492987875	0.024751481	0.026148544	0.048626402	0.054681383	0.058179127	13	7	0.531557896	14693920

ipv6.R	parse_address	2020-03-07T18:17:56Z	macOS	0.062169276	0.013573630503124	0.0522388360000001	0.054006509	0.0561755940000001	0.061526153	0.091183327	9	1	0.559523484	5245672
ipv6.R	parse_network	2020-03-07T18:17:56Z	macOS	0.1174445642	0.0246265855764121	0.098922931	0.100170232	0.110564895	0.118453994	0.159110769	5	1	0.587222821	6294296
ipv6.R	print_address	2020-03-07T18:17:56Z	macOS	0.143527065	0.0208123183740602	0.125443717	0.13025939425	0.138114175	0.15138184575	0.172436193	4	0	0.57410826	2099752
ipv6.R	print_network	2020-03-07T18:17:56Z	macOS	0.208532327333333	0.0170146832186177	0.191869847	0.1998591925	0.207848538	0.2168635675	0.225878597	3	0	0.625596982	2099752
ipv6.R	is_within	2020-03-07T18:17:56Z	macOS	0.0191419138148148	0.00666005136130313	0.016131615	0.016719453	0.017836476	0.0182712815	0.051480018	27	1	0.516831673	1051176
ipv6.R	is_within_any	2020-03-07T18:17:56Z	macOS	0.0389314362307693	0.00225367827497195	0.035991812	0.037302989	0.038598648	0.040186919	0.044126741	13	0	0.506108671	1051176
ipv6.R	is_subnet	2020-03-07T18:17:56Z	macOS	0.0229452476363637	0.0102811388977699	0.018147287	0.01879114025	0.0193578445	0.021003444	0.05480154	22	2	0.504795448	3148424
ipv6.R	is_supernet	2020-03-07T18:17:56Z	macOS	0.0232852049090909	0.00970697840555942	0.01712203	0.01895908425	0.019892673	0.02281687475	0.053658783	22	2	0.512274508	3148424
ipv6.R	prefix_length	2020-03-07T18:17:56Z	macOS	6.28099694608691e-05	0.000753568357958213	3.94290000000352e-05	4.24890000000344e-05	4.33620000000468e-05	4.60170000000648e-05	0.040713757	7957	4	0.499778927000135	0
ipv6.R	netmask	2020-03-07T18:17:56Z	macOS	0.0147059059705883	0.00827712535429179	0.01032014	0.0123863992500001	0.0126605905	0.013244592	0.047939327	34	2	0.500000803000001	5245672
ipv6.R	hostmask	2020-03-07T18:17:56Z	macOS	0.0181965297931035	0.0118072991157901	0.011813419	0.01332564	0.013807474	0.014163429	0.049371605	29	4	0.527699364000001	5245672
ipv6.R	minimum	2020-03-07T18:17:56Z	macOS	0.0428344695	0.0157549100320068	0.029563868	0.031992059	0.0335145525	0.06117075	0.067146815	12	4	0.514013634	14683296
ipv6.R	maximum	2020-03-07T18:17:56Z	macOS	0.0580877616666667	0.0413580466723529	0.031969562	0.0331075000000001	0.034030113	0.06304471	0.159595232	9	4	0.522789855	14683296
