ipv4.R	parse_address	2020-03-14T23:16:13Z	macOS	0.0350406408666667	0.0118938608683879	0.025669294	0.0264851455	0.0280670150000001	0.050203285	0.053025758	15	5	0.525609613	5251032
ipv4.R	parse_network	2020-03-14T23:16:13Z	macOS	0.0721924135714286	0.0336911669309342	0.052155853	0.0523190259999999	0.056747213	0.075660299	0.140485179	7	2	0.505346895	6294296
ipv4.R	print_address	2020-03-14T23:16:13Z	macOS	0.13954586425	0.00698159661158917	0.131437232	0.13515575825	0.1398388815	0.1442289875	0.147068462	4	0	0.558183457	2099752
ipv4.R	print_network	2020-03-14T23:16:13Z	macOS	0.208492115	0.0203670397595748	0.185055541	0.2017871645	0.218518788	0.220210402	0.221902016	3	1	0.625476345	2107416
ipv4.R	is_within	2020-03-14T23:16:13Z	macOS	0.00765995833333335	0.00437800791856159	0.00608179499999995	0.00659125075000003	0.00671149000000004	0.00690850349999997	0.0329298330000001	66	2	0.505557250000001	1065000
ipv4.R	is_within_any	2020-03-14T23:16:13Z	macOS	0.00884099836842107	0.00435635403101428	0.00724477400000012	0.00768012799999995	0.00797617700000008	0.00824270999999999	0.031704906	57	2	0.503936907000001	1059088
ipv4.R	is_subnet	2020-03-14T23:16:13Z	macOS	0.0140823636578948	0.0146829541245113	0.00752833100000005	0.00841151000000001	0.00922562700000001	0.0119458522500001	0.089916969	38	5	0.535129819000001	3173512
ipv4.R	is_supernet	2020-03-14T23:16:13Z	macOS	0.0105870185714286	0.00638346593088108	0.00764697000000014	0.00885575200000011	0.00907126800000013	0.00925981700000011	0.0353300450000001	49	3	0.518763910000003	3159832
ipv4.R	prefix_length	2020-03-14T23:16:13Z	macOS	5.57015213999275e-05	0.000527994660282229	3.68750000000473e-05	4.09379999999349e-05	4.18460000000676e-05	4.28880000000742e-05	0.0235137289999999	8972	5	0.49975405000015	0
ipv4.R	netmask	2020-03-14T23:16:13Z	macOS	0.00981517247058825	0.00797866675527444	0.00474421400000002	0.00641613450000006	0.00703013800000007	0.00723861649999996	0.030326517	51	7	0.500573796000001	5252696
ipv4.R	hostmask	2020-03-14T23:16:13Z	macOS	0.0104645751666667	0.00873387950161761	0.00529053899999998	0.00678685575000004	0.00732483949999996	0.00758303275	0.036369358	48	7	0.502299608	5252696
ipv4.R	minimum	2020-03-14T23:16:13Z	macOS	0.0323888307500001	0.0117444658829224	0.0218280080000001	0.0237808622500001	0.0245516370000001	0.0463098007500002	0.0483764770000001	16	6	0.518221292000002	14873528
ipv4.R	maximum	2020-03-14T23:16:13Z	macOS	0.0337433156666667	0.013113715760877	0.021864564	0.023547679	0.0239803940000001	0.0476458275000001	0.0555917	15	6	0.506149735	14693920
